// This is an example of data file for the software SPAGeDi, written by O. Hardy and X. Vekemans
//
// Any line begining by   //   is a comment line, not read by the program. They can be put anywhere.
// Empty lines must also begin by  //  
//
// This example gives the genotypes at 5 enzymatic loci for 139 diploid and tetraploid individuals of 
// Centaurea jacea (Asteraceae) that were collected within a 1 ha grassland 
// (see Hardy and Vekemans 2001, Evolution 55: 943-954).
// The ploidy level is here identified by the categorical group.
// For this data set, SPAGeDi permits to check :
//  - isolation by distance within each ploidy level 
//      (analysis at individual level, restricted within a given ploidy level, reference allele frequencies = within category)
//  - whether the spatial structures of diploids and tetraploids are correlated
//      (analysis at individual level, restricted between ploidy levels)
//  - whether diploids and tetraploids are differentiated
//      (analysis at the population level, population = categorical group)
//
// 1st non comment line : set of 6 numbers separated by a tabulation and representing :
// #individuals	#categories	#coordinates	#loci	#digits/allele	max ploidy
// 2nd non comment line : # of distance intervals followed by the upper distance of each interval.
// 3rd non comment line : column labels (<=15 characters).
// 4th and next lines : data for each individual in the following order: Ind name, category, coordinates, genotypes
139	2	2	5	2	4
6	2	4	6	10	20	30
Ind	ploidy	X	Y	LAP	PGD	DIA	PGM1	PGM2
1	2x	3.2	-4.3	606	303	102	102	202
2	2x	27.8	-1.0	505	303	101	101	202
3	2x	29.6	-1.0	506	303	101	101	202
4	2x	30.9	-0.8	505	303	202	102	202
5	2x	29.8	1.0	405	303	0	102	202
6	2x	33.0	-1.2	606	303	102	102	202
7	2x	37.9	1.1	405	303	0	102	202
8	2x	38.4	-1.0	506	303	102	102	202
9	2x	39.4	-1.0	406	303	0	102	202
10	2x	45.8	1.0	506	303	101	101	202
11	2x	46.8	1.0	506	303	101	101	202
12	2x	49.0	-0.8	0	303	0	101	102
13	2x	52.8	-3.3	506	303	102	102	202
14	2x	56.5	-2.8	405	303	101	202	202
15	2x	58.5	-2.8	405	303	101	102	202
16	2x	58.8	-4.8	507	303	101	202	202
17	2x	63.9	-1.2	0	303	101	101	202
18	2x	64.6	-2.7	607	303	102	101	202
19	2x	66.1	-3.3	505	303	101	102	202
20	2x	65.9	0.7	406	303	101	202	202
21	2x	67.8	0.7	707	303	102	0	202
22	2x	70.1	-3.0	507	203	102	202	202
23	2x	71.2	-3.2	506	303	101	0	0
24	2x	73.6	-3.1	506	203	102	101	202
25	2x	72.9	-1.0	507	303	102	102	202
26	2x	73.8	-0.6	405	303	101	202	202
27	2x	75.2	-2.9	406	203	0	102	202
28	2x	75.9	-1.3	507	303	102	101	202
29	2x	75.6	0.5	505	303	101	102	202
30	2x	76.6	1.1	405	303	0	102	202
31	2x	80.4	0.8	606	303	102	101	202
32	2x	83.4	-0.9	0	303	202	0	0
33	2x	84.2	1.9	0	303	101	101	202
34	2x	84.3	2.2	507	303	101	102	202
35	2x	85.4	-0.9	406	303	202	0	202
36	2x	41.1	6.3	407	303	101	101	202
37	2x	41.1	6.9	404	303	101	101	202
38	2x	40.8	10.5	505	303	102	202	202
39	2x	45.6	10.3	507	303	102	0	202
40	2x	45.3	11.1	405	303	102	102	202
41	2x	45.2	25.0	506	303	101	101	202
42	2x	45.7	25.3	0	303	101	101	202
43	2x	44.6	26.8	0	303	101	101	202
44	2x	47.6	29.3	506	303	101	102	202
45	2x	48.1	31.1	506	303	102	102	202
46	2x	49.1	30.8	0	303	102	102	202
47	2x	50.0	31.2	506	303	102	101	202
48	2x	49.2	37.3	506	303	101	101	202
49	2x	31.2	-2.5	0	203	0	101	0
50	2x	34.6	2.3	405	303	101	102	0
51	2x	36.8	0.8	505	303	0	101	0
52	2x	38.9	-1.0	406	303	102	102	0
53	2x	46.2	0.6	606	303	101	102	0
54	2x	56.9	0.8	0	303	101	102	0
55	2x	67.8	2.1	606	303	102	101	0
56	2x	70.9	1.3	407	303	102	101	202
57	2x	73.2	1.2	407	303	102	202	0
58	2x	39.1	7.2	607	303	101	202	202
59	2x	41.0	15.7	407	303	101	101	0
60	2x	49.2	36.8	505	303	101	101	0
61	2x	49.4	38.8	505	303	102	102	0
62	2x	50.8	40.7	505	203	101	102	202
63	2x	18.6	11.3	407	303	102	101	0
64	2x	28.0	9.0	506	303	101	202	0
65	2x	32.6	9.0	506	303	101	101	0
66	4x	1.8	-0.9	5050606	3030404	1020202	1010101	2020202
67	4x	2.4	-0.5	5060909	2020303	0	1020202	2020202
68	4x	5.0	-0.6	4050506	1020303	1020202	2020202	0
69	4x	5.6	0.4	5050606	3030304	1020202	1010202	2020202
70	4x	10.4	-0.3	5060909	3030303	1010202	0	2020202
71	4x	11.5	0.4	5050506	2030303	0	1010101	1020204
72	4x	13.7	0.4	5060606	3030303	1010202	0	2020202
73	4x	18.0	0.4	4050508	2030303	2020202	1010101	2020202
74	4x	20.8	0.6	4060606	3030304	1020202	1010202	1010202
75	4x	24.0	-0.7	4050606	3030304	1020202	1010102	1020202
76	4x	25.1	1.2	6080909	1020303	0	1020202	2020202
77	4x	34.1	2.4	5060606	3030303	0	1010101	1010202
78	4x	41.0	-0.8	3050505	3030404	2020202	0	0
79	4x	48.5	1.2	6060606	3030303	1010101	1010202	2020202
80	4x	49.2	-2.6	3050507	3030304	0	1010101	0
81	4x	49.7	-1.0	2030305	2030304	0	1020202	2020202
82	4x	50.8	-2.3	5050707	3030304	2020202	1010101	1010202
83	4x	56.1	-1.2	5050606	2020303	1010202	1010102	1020202
84	4x	56.7	-0.9	3050606	2030303	0	1010102	2020202
85	4x	56.8	-2.8	4050606	2020303	1020202	1020202	2020204
86	4x	57.6	-3.0	4050708	2030303	0	1020202	2020204
87	4x	58.7	-2.7	3050506	2030303	2020202	0	0
88	4x	62.5	0.5	5060606	3030303	0	1010202	1010202
89	4x	65.6	-3.0	5060809	3030303	0	1010202	2020202
90	4x	65.7	1.0	5050606	3030303	1010202	2020202	2020202
91	4x	68.3	0.5	4050608	3030303	1020202	1010202	2020202
92	4x	68.5	1.2	5050606	3030303	2020202	1010202	2020204
94	4x	73.0	-2.6	6060606	3030304	0	1010101	2020202
95	4x	77.9	0.3	3030506	3030303	2020202	1010101	1020202
96	4x	78.4	1.0	5050505	1030303	0	1010102	2020202
97	4x	79.4	0.8	5050606	3030303	1020202	1010101	1010202
98	4x	80.2	1.0	4060606	3030404	0	0	0
99	4x	81.8	0.9	6060606	2020303	1010202	1010101	1010102
100	4x	82.0	0.8	0	2020304	2020202	1010101	1010102
101	4x	82.7	2.0	5050606	2030304	0	0	0
102	4x	82.3	0.0	3050606	2020203	1010202	1010101	1020202
103	4x	82.3	-0.3	6060606	2030304	2020202	1010101	1020202
104	4x	41.6	10.6	3050506	2030303	0	1010202	0
105	4x	45.9	15.0	3050506	3030304	2020202	1010102	2020204
106	4x	44.6	24.8	5050708	3030303	0	1020202	2020202
107	4x	45.7	25.3	5050505	3030303	2020202	1010202	1010102
108	4x	46.6	27.0	3030505	3030303	2020202	1010102	2020202
109	4x	48.4	27.0	0	3030304	0	1010102	1010202
110	4x	48.8	28.7	5080808	3030303	0	1010202	1020202
111	4x	48.6	33.6	0	3030303	1020202	1010101	1020204
112	4x	49.6	35.3	0	3030303	1020202	1010101	1010202
113	4x	49.1	36.3	5050607	3030303	1020202	1010101	2020202
114	4x	49.1	36.7	0	3030303	1010101	1010101	2020202
115	4x	49.1	38.2	5050507	2020303	2020202	0	2020202
116	4x	48.3	38.9	6060709	2020303	1020202	0	2020202
117	4x	47.8	39.6	5050607	2020203	2020202	1010202	2020202
118	4x	2.4	-5.0	5060606	1030303	1010202	0	0
119	4x	5.0	-6.0	0	0	0	0	0
120	4x	8.5	-2.6	1050505	3030303	1010202	0	0
121	4x	10.6	1.2	5050508	2030303	1010202	1010202	0
122	4x	10.8	-0.7	5050608	2030303	2020202	2020202	2020202
123	4x	12.8	1.1	5050609	2020303	1020202	0	0
124	4x	22.6	0.8	3050508	2030304	1010202	1010101	0
125	4x	79.4	-5.5	5050606	2030304	1010202	1010101	0
126	4x	37.6	14.3	0	2030304	1010202	0	2020204
127	4x	50.6	27.0	5050505	3030304	1010202	0	0
128	4x	50.8	33.3	5050606	2030304	1020202	1010101	0
129	4x	50.1	35.1	3030505	3030303	1010202	1010202	0
130	4x	47.8	37.3	5050506	3030303	1020202	1010202	0
131	4x	45.6	41.0	5060609	2030303	1010202	0	0
132	4x	14.6	18.8	4050506	3030303	1010202	1010101	0
133	4x	13.3	19.0	5060606	3030304	1010202	1010101	0
134	4x	18.3	16.7	0	0	0	0	1010202
135	4x	19.9	10.8	6060608	3030303	1010202	0	0
136	4x	19.6	8.8	6060909	2020303	1010102	2020202	0
137	4x	30.6	9.0	6060609	1030303	1010102	0	0
138	4x	34.1	15.3	5050506	1030304	1010202	1010202	1010202
139	4x	27.6	6.8	5050606	3030303	1020202	1010102	1010202
140	4x	23.6	6.7	5050606	1020303	1010102	0	2020204
END
// the word END is compulsory at the end of the list of individuals data
