// This is an example of data file for the software SPAGeDi, written by O. Hardy and X. Vekemans
//
// Any line begining by   //   is a comment line, not read by the program. They can be put anywhere.
// Empty lines must also begin by  //
//
// This example gives the genotypes at 6 enzymatic loci for 629 individuals of Chamaecrista fasciculata
// (Asteraceae) that were collected by C. B. Fenster in 10 subpopulations from a 1km x 2km metapopulation
// (the data set given here is incomplete).
// Subpopulations are identified by the categorical group.
// For this data set, SPAGeDi permits to assess :
//  - isolation by distance within each subpopulation
//     (analysis at individual level, restricted within a given subpopulation, reference allele frequencies = within category)
//  - average isolation by distance within subpopulations
//     (analysis at individual level, restricted within subpopulations, reference allele frequencies = within category)
//  - isolation by distance among subpopulations
//     (analysis at population level, population = categorical group)
//
// 1st non comment line : set of 6 numbers separated by a tabulation and representing :
// #individuals	#categories	#coordinates	#loci	#digits/allele	max ploidy
// 2nd non comment line : # of distance intervals followed by the upper distance of each interval.
// 3rd non comment line : column labels (<=15 characters).
// 4th and next lines : data for each individual in the following order: Ind name, category, coordinates, genotypes
629	10	2	6	2	2
13	0.75	1.25	1.75	2.25	3	4	5	20	75	200	500	1000	2000
Ind	SubPop	X	Y	E1	E2	E3	E5	E7	E8
1071	SP2-1	319570	155194	606	606	505	0	707	505
1072	SP2-1	319570	155195.8	0	0	505	0	506	707
1052	SP2-1	319570	155196	0	0	505	0	0	707
1075	SP2-1	319570.01	155196	0	0	505	0	707	0
1069	SP2-1	319570	155198.5	0	0	506	0	707	507
1070	SP2-1	319570	155200	0	0	505	0	607	507
1004	SP2-1	319570.1	155199.2	0	0	0	0	0	707
1012	SP2-1	319570.3	155199.5	0	0	505	0	606	707
1074	SP2-1	319570.4	155195.7	0	0	505	505	606	0
1066	SP2-1	319570.5	155197	0	0	0	0	0	0
1062	SP2-1	319570.7	155195	0	0	0	0	0	707
1060	SP2-1	319570.8	155194	0	0	505	0	0	707
1067	SP2-1	319570.8	155199.2	0	0	0	0	0	0
1068	SP2-1	319570.81	155199.2	0	0	0	0	0	0
1045	SP2-1	319571	155199	0	0	506	0	0	507
1058	SP2-1	319571.01	155199	0	0	505	0	0	707
1044	SP2-1	319571	155200	0	0	505	0	0	0
1042	SP2-1	319571.5	155194	0	0	506	0	0	507
1043	SP2-1	319571.5	155194.5	0	0	505	0	707	507
1065	SP2-1	319571.5	155196.5	0	0	0	500	0	707
1054	SP2-1	319572	155194.5	0	0	505	0	0	0
1041	SP2-1	319572	155200	0	0	0	0	0	507
1073	SP2-1	319572.4	155195.7	0	0	505	0	0	0
1049	SP2-1	319572.5	155194	0	0	0	606	0	0
1053	SP2-1	319572.5	155194.5	0	0	505	0	0	505
1005	SP2-1	319572.5	155195	0	0	505	505	0	707
1050	SP2-1	319573	155194	0	0	0	606	0	0
1051	SP2-1	319573.01	155194	0	0	506	0	0	0
1055	SP2-1	319574	155195	0	0	506	0	0	0
1057	SP2-1	319574	155195.5	0	0	505	0	0	507
1080	SP2-1	319574	155196	0	0	505	505	607	0
1007	SP2-1	319574	155197	0	0	506	505	607	505
1006	SP2-1	319574	155198	0	0	506	505	607	505
1003	SP2-1	319574.2	155195.5	506	506	0	0	607	507
1059	SP2-1	319574.2	155197.5	0	0	506	0	0	507
1056	SP2-1	319574.4	155195.2	0	0	505	0	0	707
1030	SP2-1	319574.5	155194	0	0	505	507	607	707
1063	SP2-1	319574.5	155198	0	0	506	0	0	707
1064	SP2-1	319574.51	155198	0	0	505	0	0	707
1037	SP2-1	319575	155194	0	0	506	0	606	507
1038	SP2-1	319575.01	155194	0	0	0	0	607	507
1039	SP2-1	319575.02	155194	0	0	0	0	606	507
1040	SP2-1	319575.03	155194	0	0	505	0	707	707
1047	SP2-1	319575.04	155194	0	0	506	0	0	707
1048	SP2-1	319575.05	155194	0	0	505	505	0	507
1033	SP2-1	319575	155194.5	0	0	0	0	0	0
1046	SP2-1	319575.01	155194.5	0	0	506	0	707	507
1076	SP2-1	319575	155195.5	0	0	505	0	607	707
1078	SP2-1	319575	155197.5	0	0	505	0	607	707
1079	SP2-1	319575.01	155197.5	0	0	505	0	607	707
1061	SP2-1	319575	155199	0	0	505	0	0	507
1034	SP2-1	319575.5	155194	0	0	506	0	0	707
1036	SP2-1	319575.51	155194	0	0	0	505	607	707
1011	SP2-1	319575.6	155198	0	0	505	0	607	507
1035	SP2-1	319576	155194	0	0	505	0	607	707
1081	SP2-1	319576.01	155194	0	0	505	505	606	0
1082	SP2-1	319576.02	155194	0	0	505	505	0	507
1077	SP2-1	319576	155197	0	0	0	0	0	707
1010	SP2-1	319576	155199.5	0	0	505	0	707	0
1008	SP2-1	319576	155200	0	0	505	505	607	707
1009	SP2-1	319576.01	155200	0	0	505	505	606	507
1015	SP2-2	319570	155154	0	606	505	0	606	707
1148	SP2-2	319570	155158	606	606	505	505	606	505
1149	SP2-2	319570	155158.5	606	606	505	0	606	505
1150	SP2-2	319570	155159.2	506	606	505	0	607	707
1025	SP2-2	319570	155160	506	506	506	0	0	707
1151	SP2-2	319570.01	155160	506	606	505	505	607	707
1146	SP2-2	319570.4	155154	606	0	0	0	0	0
1147	SP2-2	319570.4	155157.8	0	0	505	0	0	0
1120	SP2-2	319570.4	155160	506	606	506	505	707	607
1014	SP2-2	319570.5	155154	0	0	506	0	607	707
1016	SP2-2	319570.51	155154	0	0	505	0	0	507
1139	SP2-2	319570.5	155156	506	606	505	0	0	707
1121	SP2-2	319571	155155	606	606	505	0	0	0
1143	SP2-2	319571.01	155155	606	0	506	0	707	507
1126	SP2-2	319571	155156	606	606	505	0	0	707
1138	SP2-2	319571.01	155156	506	0	505	0	0	707
1125	SP2-2	319571	155156.2	606	606	505	0	607	505
1124	SP2-2	319571	155156.8	0	0	505	0	0	0
1141	SP2-2	319571.2	155154	0	0	505	0	0	0
1142	SP2-2	319571.21	155154	0	0	505	0	707	0
1140	SP2-2	319571.2	155155	606	506	505	505	607	707
1137	SP2-2	319571.2	155156	0	0	505	0	707	707
1132	SP2-2	319571.2	155157	0	0	0	505	0	707
1122	SP2-2	319571.2	155159	606	606	506	507	0	606
1123	SP2-2	319571.2	155159.8	0	0	505	0	0	707
1131	SP2-2	319571.5	155156.5	606	0	505	0	707	707
1133	SP2-2	319571.5	155157.5	606	606	505	0	607	507
1136	SP2-2	319572	155159	606	0	506	0	607	505
1128	SP2-2	319572	155159.5	606	606	506	0	0	707
1129	SP2-2	319572.01	155159.5	606	606	505	0	607	507
1127	SP2-2	319572.2	155160	606	606	505	0	707	707
1026	SP2-2	319573	155154	0	606	0	0	0	505
1013	SP2-2	319573	155155.5	0	0	505	0	707	607
1145	SP2-2	319573	155156	606	0	0	0	0	0
1134	SP2-2	319573	155156.2	606	606	506	505	707	707
1130	SP2-2	319573	155159	606	506	505	0	606	607
1144	SP2-2	319573.01	155159	606	0	506	0	0	707
1018	SP2-2	319573	155160	0	0	0	0	0	507
1135	SP2-2	319573.5	155154	505	0	505	0	607	507
1115	SP2-2	319573.5	155159	0	0	505	505	0	707
1028	SP2-2	319574	155157	606	606	505	0	707	505
1019	SP2-2	319574	155160	0	0	505	0	707	507
1023	SP2-2	319574.5	155154.5	0	0	0	0	607	707
1024	SP2-2	319574.51	155154.5	0	0	0	0	607	707
1032	SP2-2	319574.5	155164.5	0	0	505	0	607	507
1022	SP2-2	319575	155154.5	0	0	0	0	606	606
1027	SP2-2	319575	155155	506	607	505	0	606	507
1020	SP2-2	319576	155157	0	0	0	0	0	507
1021	SP2-2	319576	155158.5	506	606	506	0	707	707
1017	SP2-2	319576	155160	0	0	506	0	707	707
1031	SP2-2	319576	155165	0	0	506	0	607	707
1202	SP4-1	319476.5	154895	606	606	505	507	707	505
1208	SP4-1	319476.5	154896	506	606	505	505	707	707
1186	SP4-1	319476.5	154896.5	606	606	505	0	707	707
1189	SP4-1	319476.51	154896.5	606	606	505	505	707	507
1210	SP4-1	319476.52	154896.5	606	606	505	505	0	505
1184	SP4-1	319476.5	154897	606	606	506	0	707	707
1191	SP4-1	319476.8	154895	606	606	506	505	606	507
1192	SP4-1	319476.81	154895	606	606	505	505	707	707
1199	SP4-1	319476.82	154895	505	606	505	507	707	707
1197	SP4-1	319476.8	154895.2	606	606	505	505	707	707
1180	SP4-1	319476.8	154897	606	606	505	505	607	707
1183	SP4-1	319476.81	154897	0	0	505	505	607	707
1217	SP4-1	319476.8	154900	606	606	505	505	607	507
1196	SP4-1	319477	154895	606	606	505	505	707	707
1204	SP4-1	319477.01	154895	606	606	505	507	607	707
1203	SP4-1	319477	154895.2	606	606	505	707	607	707
1190	SP4-1	319477	154895.5	606	606	505	0	707	707
1201	SP4-1	319477.01	154895.5	606	606	505	0	707	707
1200	SP4-1	319477	154895.8	606	606	506	505	607	707
1195	SP4-1	319477	154896	506	606	505	505	607	505
1198	SP4-1	319477.01	154896	606	606	506	507	707	707
1216	SP4-1	319477.02	154896	606	606	505	505	607	707
1205	SP4-1	319477	154896.5	606	606	505	505	607	607
1171	SP4-1	319477	154897	606	606	505	0	707	707
1172	SP4-1	319477.01	154897	606	606	505	0	607	507
1207	SP4-1	319477.02	154897	606	606	505	505	707	507
1212	SP4-1	319477.03	154897	606	606	506	505	607	707
1206	SP4-1	319477	154898	606	606	506	505	707	607
1194	SP4-1	319477	154899	606	606	505	505	707	607
1177	SP4-1	319477.2	154897	606	606	505	505	707	507
1178	SP4-1	319477.21	154897	606	606	505	507	607	507
1181	SP4-1	319477.2	154898	606	606	505	0	607	507
1163	SP4-1	319477.5	154895	506	606	505	0	707	507
1187	SP4-1	319477.5	154898	606	606	505	0	707	607
1176	SP4-1	319477.5	154899	506	606	505	505	606	707
1218	SP4-1	319477.51	154899	606	606	505	505	707	707
1164	SP4-1	319478	154895	606	606	506	0	607	707
1188	SP4-1	319478	154898	506	606	505	0	707	707
1193	SP4-1	319478	154899	505	606	505	505	607	507
1161	SP4-1	319478.5	154897	606	506	505	0	606	707
1162	SP4-1	319478.51	154897	606	607	505	0	607	707
1166	SP4-1	319479	154895	606	606	505	0	607	707
1167	SP4-1	319479.01	154895	606	606	505	0	607	707
1179	SP4-1	319479	154895.2	506	607	505	505	707	707
1155	SP4-1	319479	154895.7	606	606	505	505	607	707
1169	SP4-1	319479.3	154895.1	606	606	505	0	607	707
1156	SP4-1	319479.5	154895	506	606	505	505	607	707
1157	SP4-1	319479.51	154895	506	606	505	505	606	707
1158	SP4-1	319479.52	154895	606	606	505	505	606	507
1165	SP4-1	319479.53	154895	606	606	505	0	707	607
1170	SP4-1	319479.54	154895	606	606	506	0	607	607
1168	SP4-1	319479.5	154895.2	506	606	506	0	607	0
1182	SP4-1	319479.5	154896.8	0	0	505	0	607	507
1185	SP4-1	319479.51	154896.8	606	0	505	0	606	707
1173	SP4-1	319479.6	154897.4	606	606	505	0	607	707
1160	SP4-1	319480	154896.4	606	606	505	0	607	507
1159	SP4-1	319480	154896.6	606	606	505	0	607	707
1238	SP4-1	319480	154897.2	506	506	505	505	707	507
1174	SP4-1	319480	154897.8	606	606	505	505	707	707
1175	SP4-1	319480	154898.2	606	606	505	0	607	707
1269	SP4-2	319440.3	154890	506	606	505	505	606	707
1242	SP4-2	319440.3	154891.5	506	606	506	505	707	707
1288	SP4-2	319440.4	154891.8	606	606	506	505	707	507
1266	SP4-2	319440.8	154890	506	506	505	505	707	506
1282	SP4-2	319441	154892.5	506	606	505	506	607	707
1263	SP4-2	319441	154892.8	506	606	506	505	707	707
1261	SP4-2	319441.01	154892.8	506	606	505	0	607	707
1265	SP4-2	319441.5	154892.5	506	606	505	505	707	707
1255	SP4-2	319441.5	154893	505	606	505	0	607	707
1287	SP4-2	319441.8	154891.5	606	606	505	505	707	507
1264	SP4-2	319442	154890	506	506	506	505	707	707
1243	SP4-2	319442	154891	506	505	505	505	607	707
1286	SP4-2	319442	154891.5	606	606	506	505	607	707
1277	SP4-2	319442.2	154892	506	606	505	505	606	607
1262	SP4-2	319442.3	154890	506	0	505	0	707	707
1244	SP4-2	319442.4	154891.2	506	606	505	505	607	707
1285	SP4-2	319442.5	154891.8	606	606	505	505	707	0
1267	SP4-2	319442.5	154892.5	506	607	506	505	606	507
1268	SP4-2	319442.51	154892.5	606	606	505	505	707	707
1226	SP4-2	319442.6	154890	506	606	505	505	707	707
1225	SP4-2	319442.7	154890	506	606	505	505	707	607
1245	SP4-2	319442.7	154891.2	506	606	505	0	607	0
1246	SP4-2	319442.8	154891	506	606	505	0	707	0
1224	SP4-2	319443	154890.4	506	606	505	505	607	606
1284	SP4-2	319443	154891.8	506	606	505	506	707	505
1273	SP4-2	319443	154892.5	506	506	505	505	707	707
1256	SP4-2	319443	154893	506	606	505	0	606	0
1253	SP4-2	319443	154893.5	506	606	506	0	607	507
1283	SP4-2	319443.2	154891.8	506	606	505	505	607	507
1222	SP4-2	319443.3	154890.5	506	606	506	507	707	0
1249	SP4-2	319443.3	154891.2	506	606	505	0	707	507
1248	SP4-2	319443.3	154891.4	506	0	505	0	707	0
1223	SP4-2	319443.5	154890.5	606	606	606	505	607	707
1251	SP4-2	319443.5	154891	606	606	506	0	607	707
1254	SP4-2	319443.5	154891.2	606	606	505	0	707	507
1258	SP4-2	319443.5	154893	506	606	505	0	707	505
1252	SP4-2	319443.5	154894.5	506	606	505	0	606	0
1280	SP4-2	319443.7	154892	606	606	505	505	707	707
1281	SP4-2	319443.71	154892	506	606	506	505	707	606
1279	SP4-2	319443.8	154892	506	606	506	505	607	707
1274	SP4-2	319443.8	154892.5	606	506	505	505	707	507
1220	SP4-2	319443.9	154890.3	606	606	506	505	607	707
1221	SP4-2	319443.91	154890.3	606	606	506	505	707	707
1259	SP4-2	319444	154890	606	606	505	0	607	707
1257	SP4-2	319444	154890.8	506	606	505	0	707	607
1278	SP4-2	319444	154891.8	506	606	505	505	607	707
1276	SP4-2	319444	154892	506	506	506	505	707	707
1275	SP4-2	319444	154892.5	506	606	505	505	707	507
1260	SP4-2	319444	154893	505	606	505	0	607	707
1250	SP4-2	319444	154893.5	506	506	505	0	707	0
1239	SP4-2	319444	154894	606	606	505	505	707	707
1247	SP4-2	319444	154895	606	606	506	0	607	0
323	SP7-1	319270	154356	506	606	506	505	607	507
324	SP7-1	319270.01	154356	606	606	505	505	506	707
325	SP7-1	319270.02	154356	606	606	505	505	606	707
326	SP7-1	319270.03	154356	606	606	505	505	606	707
327	SP7-1	319270.04	154356	606	606	505	505	607	505
328	SP7-1	319270.05	154356	506	606	505	505	607	507
329	SP7-1	319270.06	154356	506	606	505	505	606	507
330	SP7-1	319270.07	154356	606	606	505	505	707	507
331	SP7-1	319270.08	154356	606	606	506	505	707	507
332	SP7-1	319270.09	154356	606	606	505	505	607	707
333	SP7-1	319270.1	154356	606	606	506	505	607	506
317	SP7-1	319270	154358.5	606	606	505	505	606	507
318	SP7-1	319270.01	154358.5	606	606	505	505	707	707
319	SP7-1	319270.02	154358.5	606	606	505	505	607	707
320	SP7-1	319270.03	154358.5	506	606	506	505	607	505
321	SP7-1	319270.04	154358.5	506	506	606	707	707	506
322	SP7-1	319270.05	154358.5	606	606	505	505	606	707
343	SP7-1	319271.8	154357.5	506	606	505	0	607	707
310	SP7-1	319272	154355	606	606	505	0	707	707
338	SP7-1	319272	154356	606	606	506	0	606	607
337	SP7-1	319272	154356.5	606	606	606	0	606	507
349	SP7-1	319272	154358.8	506	606	505	505	607	507
344	SP7-1	319272.5	154358	606	606	505	0	707	707
345	SP7-1	319272.51	154358	606	606	505	507	707	707
346	SP7-1	319272.52	154358	606	606	505	505	607	707
357	SP7-1	319272.53	154358	606	707	505	507	607	707
348	SP7-1	319272.5	154359	506	506	505	505	607	707
350	SP7-1	319272.51	154359	506	606	505	505	606	707
351	SP7-1	319272.52	154359	606	606	505	507	707	707
355	SP7-1	319272.53	154359	606	607	505	505	707	707
342	SP7-1	319272.6	154359	606	607	506	505	607	507
341	SP7-1	319273	154359	606	506	505	505	606	707
311	SP7-1	319273.01	154359	606	606	506	0	607	506
335	SP7-1	319273.5	154355.5	606	606	506	0	707	607
334	SP7-1	319273.5	154356	506	606	505	505	707	707
336	SP7-1	319273.51	154356	606	606	506	0	707	707
356	SP7-1	319273.5	154359	606	606	506	505	606	507
358	SP7-1	319273.51	154359	606	606	506	0	607	507
312	SP7-1	319274	154356	506	606	505	505	607	507
339	SP7-1	319274	154357	606	606	506	505	606	707
340	SP7-1	319274	154357.5	606	606	505	505	707	507
315	SP7-1	319274	154359	505	607	505	505	606	707
347	SP7-1	319274.01	154359	506	606	505	0	607	507
354	SP7-1	319274.2	154358.5	606	606	505	0	707	707
353	SP7-1	319274.4	154358.8	606	606	505	0	607	607
352	SP7-1	319274.5	154358.6	606	606	505	507	707	707
316	SP7-1	319274.5	154359	406	606	505	505	0	707
313	SP7-1	319275	154356	606	606	505	0	707	607
314	SP7-1	319275	154359	506	606	505	505	707	707
416	SP7-2	319237.6	154364	0	0	505	0	707	0
374	SP7-2	319240	154357	0	606	606	0	0	707
367	SP7-2	319240	154358	606	606	505	0	607	507
419	SP7-2	319240	154361	0	0	505	0	707	607
403	SP7-2	319240	154362	0	0	505	0	606	507
406	SP7-2	319240.2	154362.4	0	0	0	0	0	0
384	SP7-2	319240.5	154360.3	0	606	506	505	707	507
380	SP7-2	319240.8	154360.2	0	606	506	0	607	507
376	SP7-2	319240.8	154361	0	606	505	0	607	507
375	SP7-2	319240.9	154359.8	0	606	505	507	707	507
372	SP7-2	319240.9	154360.2	0	606	506	0	607	607
398	SP7-2	319241	154357	0	0	505	0	707	506
365	SP7-2	319241	154359	606	606	506	0	707	0
382	SP7-2	319241	154359.7	0	606	506	0	707	507
386	SP7-2	319241.01	154359.7	0	606	505	0	607	707
370	SP7-2	319241	154360.2	0	606	505	0	607	707
371	SP7-2	319241.01	154360.2	0	606	505	0	607	505
373	SP7-2	319241.02	154360.2	0	606	506	0	607	507
420	SP7-2	319241.1	154360.4	0	0	505	0	606	507
422	SP7-2	319241.1	154360.5	0	0	505	0	707	707
421	SP7-2	319241.1	154360.6	0	0	505	0	606	707
397	SP7-2	319241.1	154360.9	0	0	505	0	607	607
399	SP7-2	319241.11	154360.9	0	0	505	0	607	505
424	SP7-2	319241.12	154360.9	0	607	506	0	707	707
381	SP7-2	319241.2	154360.2	0	606	506	0	707	707
408	SP7-2	319241.2	154362.8	0	0	505	0	707	507
405	SP7-2	319241.3	154362.8	0	0	0	0	0	507
377	SP7-2	319241.4	154359.5	0	606	506	0	707	507
379	SP7-2	319241.41	154359.5	0	606	506	0	0	507
359	SP7-2	319241.5	154353	0	606	505	0	607	707
360	SP7-2	319241.51	154353	606	606	505	0	607	507
361	SP7-2	319241.52	154353	506	606	505	505	707	607
378	SP7-2	319241.5	154359.5	0	606	505	0	606	507
368	SP7-2	319241.5	154359.6	606	606	606	0	707	707
388	SP7-2	319241.5	154360.2	0	0	505	0	707	707
400	SP7-2	319241.5	154361.2	0	0	505	0	606	707
401	SP7-2	319241.51	154361.2	0	0	505	0	607	707
402	SP7-2	319241.5	154362.5	0	0	505	0	607	507
417	SP7-2	319241.5	154365	0	0	506	0	607	707
369	SP7-2	319241.6	154360	606	606	505	0	607	707
363	SP7-2	319241.8	154359.5	506	606	506	0	707	607
413	SP7-2	319241.8	154361	0	0	505	0	607	507
414	SP7-2	319241.81	154361	0	0	506	0	607	707
362	SP7-2	319242	154358	0	606	505	0	707	507
387	SP7-2	319242.01	154358	0	606	505	0	607	707
423	SP7-2	319242	154360.8	0	0	505	0	707	505
409	SP7-2	319242	154363	0	0	505	0	707	507
392	SP7-2	319242	154365	0	0	505	0	707	607
411	SP7-2	319242.2	154363	0	0	506	0	607	707
412	SP7-2	319242.21	154363	0	0	505	0	707	607
407	SP7-2	319242.3	154363	0	0	505	0	607	707
410	SP7-2	319242.31	154363	0	0	506	0	707	507
366	SP7-2	319243	154358	506	606	506	507	707	707
385	SP7-2	319243.01	154358	0	606	506	0	607	505
391	SP7-2	319243	154359.9	0	0	505	0	707	505
390	SP7-2	319243	154360	0	0	506	0	607	707
418	SP7-2	319243.01	154360	0	0	506	0	707	707
383	SP7-2	319243	154361	606	606	505	0	707	607
395	SP7-2	319243.01	154361	0	0	505	0	607	507
396	SP7-2	319243	154362	0	0	505	0	606	707
415	SP7-2	319243	154363	0	0	505	0	707	507
393	SP7-2	319243	154365	0	0	505	0	606	707
364	SP7-2	319244	154357	506	606	505	507	707	507
389	SP7-2	319244	154359	0	0	505	0	606	607
394	SP7-2	319244	154365	0	0	505	0	707	707
404	SP7-2	319245	154362	0	0	506	0	707	507
1650	SP12-1	319136	153696	506	606	505	505	707	707
1657	SP12-1	319136	153696.5	606	606	505	505	606	707
1612	SP12-1	319136	153696.8	606	606	506	505	607	707
1653	SP12-1	319136	153697	606	606	505	505	506	607
1564	SP12-1	319136	153701	606	606	505	505	606	707
1613	SP12-1	319136.8	153696.8	506	606	505	507	606	707
1608	SP12-1	319136.8	153697.8	506	606	505	505	606	507
1655	SP12-1	319137.2	153696.5	607	606	505	505	606	707
1610	SP12-1	319138.5	153698	606	506	505	505	606	506
1560	SP12-1	319138.5	153701.5	606	607	505	505	607	507
1595	SP12-1	319139	153697.5	606	606	506	506	606	707
1559	SP12-1	319139	153700	606	606	505	505	606	607
1606	SP12-1	319139.5	153697.5	506	606	505	505	607	507
1607	SP12-1	319139.51	153697.5	606	606	505	505	607	506
1558	SP12-1	319139.5	153702	606	606	505	505	606	507
1566	SP12-1	319139.5	153703	606	506	505	505	606	507
1568	SP12-1	319139.51	153703	606	506	506	505	607	507
1659	SP12-1	319140	153696	606	606	505	505	607	707
1656	SP12-1	319140.2	153696	506	606	505	507	707	507
1569	SP12-1	319140.5	153703	505	606	505	505	707	606
1584	SP12-1	319140.5	153704	606	606	505	505	606	507
1585	SP12-1	319140.51	153704	606	606	505	507	606	505
1658	SP12-1	319140.8	153696	606	606	505	505	707	707
1592	SP12-1	319141	153697	606	606	506	505	606	707
1593	SP12-1	319141.01	153697	506	606	506	506	507	506
1553	SP12-1	319141	153698.5	606	506	505	505	607	707
1552	SP12-1	319141	153699	506	606	505	505	707	506
1556	SP12-1	319141	153699.5	506	606	505	505	507	707
1570	SP12-1	319141	153703	505	606	505	505	606	707
1583	SP12-1	319141	153704	606	606	505	507	606	505
1576	SP12-1	319141.2	153696.8	606	606	505	505	606	707
1661	SP12-1	319141.5	153696.2	606	606	506	507	0	0
1591	SP12-1	319141.5	153696.5	606	606	505	505	606	707
1660	SP12-1	319142	153696	606	606	505	505	607	507
1561	SP12-1	319142	153697	606	506	505	505	707	0
1563	SP12-1	319142	153697.5	606	606	505	505	607	707
1567	SP12-1	319142.01	153697.5	606	606	505	505	607	707
1574	SP12-1	319142.02	153697.5	606	606	505	505	606	607
1575	SP12-1	319142.03	153697.5	606	606	505	606	707	707
1590	SP12-1	319142.2	153697.5	606	606	505	505	606	707
1652	SP12-1	319142.5	153696.5	506	606	505	505	506	707
1651	SP12-1	319142.5	153697	606	606	505	505	607	707
1573	SP12-1	319142.5	153704	606	606	505	506	507	0
1582	SP12-1	319142.51	153704	606	606	505	505	0	707
1604	SP12-1	319143	153696	606	606	505	505	707	607
1581	SP12-1	319143	153698.5	506	606	505	505	0	607
1609	SP12-1	319143.2	153697.8	606	506	505	505	606	0
1662	SP12-1	319143.5	153696.4	606	606	505	505	606	707
1611	SP12-1	319143.5	153696.8	606	606	506	505	507	606
1602	SP12-1	319143.5	153697.8	606	606	506	505	607	507
1580	SP12-1	319143.5	153698.5	506	606	505	505	0	707
1605	SP12-1	319144	153696	606	606	505	506	606	707
1654	SP12-1	319144	153696.2	606	606	505	505	506	707
1562	SP12-1	319144	153696.5	606	607	505	505	606	707
1551	SP12-1	319144	153697	606	606	505	505	606	507
1601	SP12-1	319144	153697.8	606	606	505	505	607	0
1578	SP12-1	319144	153698.5	606	606	505	507	707	607
1579	SP12-1	319144.01	153698.5	606	606	505	507	707	607
1554	SP12-1	319144	153699	606	606	505	505	606	707
1555	SP12-1	319144.01	153699	506	606	506	505	607	707
1565	SP12-1	319144.02	153699	606	606	505	505	607	707
1557	SP12-1	319144	153699.5	606	707	505	505	607	707
1571	SP12-1	319144	153703.5	606	606	505	505	606	507
1572	SP12-1	319144.01	153703.5	606	606	505	505	0	707
1577	SP12-1	319144	153704	606	606	505	505	606	507
1486	SP12-2	319095	153696	505	606	505	505	606	707
1524	SP12-2	319095.2	153696	606	606	505	505	607	505
1550	SP12-2	319095.5	153695.5	606	606	506	707	606	507
1545	SP12-2	319095.8	153695.2	505	606	505	505	607	507
1512	SP12-2	319096	153695.5	606	606	505	507	707	507
1526	SP12-2	319096	153696	606	606	505	505	606	507
1479	SP12-2	319096.5	153694.5	606	606	506	507	606	607
1513	SP12-2	319096.5	153695.5	606	606	505	505	606	505
1480	SP12-2	319096.51	153694.5	405	606	505	505	607	607
1540	SP12-2	319097	153694	606	606	505	505	606	507
1527	SP12-2	319097	153696	606	506	505	506	607	707
1529	SP12-2	319097.2	153696	406	505	505	507	606	507
1506	SP12-2	319097.5	153694.5	506	606	505	505	607	606
1546	SP12-2	319098	153693	506	606	505	507	606	507
1477	SP12-2	319098	153695	606	606	505	707	707	607
1487	SP12-2	319098	153695.5	606	606	505	505	707	507
1478	SP12-2	319098.01	153695	506	606	505	507	607	707
1535	SP12-2	319098.4	153692.6	506	606	505	505	606	707
1536	SP12-2	319098.41	153692.6	606	606	505	505	607	507
1587	SP12-2	319098.5	153689	606	606	505	507	506	507
1586	SP12-2	319098.5	153691.5	506	606	505	505	606	607
1481	SP12-2	319098.7	153694	406	606	506	507	707	507
1541	SP12-2	319098.8	153692.2	606	506	506	505	607	707
1492	SP12-2	319098.8	153694	606	606	505	507	707	507
1491	SP12-2	319098.8	153694.5	606	506	506	507	707	707
1494	SP12-2	319098.81	153694	606	606	505	505	607	707
1534	SP12-2	319099	153692	506	606	505	507	707	507
1476	SP12-2	319099	153695	506	606	506	507	707	507
1537	SP12-2	319099.01	153692	506	606	505	505	606	707
1542	SP12-2	319099.02	153692	606	607	505	505	607	707
1543	SP12-2	319099.03	153692	606	606	505	507	707	506
1594	SP12-2	319099.04	153692	606	606	505	407	607	507
1495	SP12-2	319099.2	153694	606	606	506	505	707	507
1547	SP12-2	319099.5	153691.5	506	606	505	507	707	507
1496	SP12-2	319099.5	153694	606	606	506	505	707	505
1517	SP12-2	319099.5	153695.8	606	606	505	506	707	707
1589	SP12-2	319099.8	153691	506	606	506	505	607	507
1603	SP12-2	319099.8	153691.2	606	606	505	505	707	707
1533	SP12-2	319100	153691	606	606	505	505	507	707
1596	SP12-2	319100	153692	606	506	505	505	607	707
1600	SP12-2	319100	153692.2	606	606	505	505	707	507
1532	SP12-2	319100	153692.6	506	506	505	505	607	507
1498	SP12-2	319100	153694	606	606	505	507	607	607
1488	SP12-2	319100	153695.5	606	506	506	506	707	707
1482	SP12-2	319100	153696	506	607	505	505	607	607
1538	SP12-2	319100.01	153691	506	606	505	507	607	707
1597	SP12-2	319100.01	153692	606	707	505	505	707	707
1483	SP12-2	319100.01	153696	506	606	505	507	607	607
1539	SP12-2	319100.02	153691	606	606	505	505	606	707
1484	SP12-2	319100.02	153696	606	606	505	505	707	507
1548	SP12-2	319100.03	153691	506	506	505	505	607	707
1485	SP12-2	319100.03	153696	606	506	505	505	607	507
1549	SP12-2	319100.04	153691	506	606	506	507	707	707
1588	SP12-2	319100.05	153691	505	606	505	505	606	607
1490	SP12-2	319100.1	153695.5	606	607	505	505	707	707
1518	SP12-2	319100.2	153693.5	506	606	505	507	606	606
1522	SP12-2	319100.21	153693.5	606	506	505	505	607	607
1598	SP12-2	319100.5	153692	606	606	505	507	607	707
1599	SP12-2	319100.5	153692.2	606	606	505	505	607	707
1519	SP12-2	319100.5	153693.5	606	606	505	606	606	707
1501	SP12-2	319100.5	153694	0	606	505	507	607	507
1499	SP12-2	319100.5	153694.2	606	606	506	507	607	707
1474	SP12-2	319100.5	153695	606	606	505	507	707	707
1489	SP12-2	319100.5	153695.5	606	606	506	507	607	707
1531	SP12-2	319100.5	153696	606	505	506	505	607	507
1502	SP12-2	319100.51	153694	606	606	505	505	606	507
1500	SP12-2	319100.51	153694.2	606	606	505	707	707	606
1475	SP12-2	319100.51	153695	606	607	505	507	707	505
1725	SP12-2	319100.52	153695	606	505	505	505	606	606
1520	SP12-2	319101	153693.8	406	606	505	505	607	507
1503	SP12-2	319101	153694	606	606	505	505	707	707
1507	SP12-2	319101	153694.5	606	606	505	507	607	707
1516	SP12-2	319101	153696	606	506	505	505	606	506
1530	SP12-2	319101.01	153696	506	505	505	506	607	507
1521	SP12-2	319101.2	153693.8	606	606	505	505	606	505
1523	SP12-2	319101.2	153696	606	606	505	507	607	507
1525	SP12-2	319101.5	153696	606	506	505	707	607	507
1504	SP12-2	319101.8	153694	506	506	506	707	607	707
1528	SP12-2	319101.8	153696	404	505	505	505	606	707
1505	SP12-2	319102	153694	606	606	505	507	707	507
1508	SP12-2	319102	153694.5	506	606	505	505	707	505
1510	SP12-2	319102	153695	505	506	505	505	707	507
1493	SP12-2	319102	153696	405	606	505	507	707	707
1509	SP12-2	319102.01	153694	606	606	505	505	607	607
1511	SP12-2	319102.01	153695	606	606	505	505	707	707
1497	SP12-2	319102.01	153696	506	606	505	507	607	507
1514	SP12-2	319102.02	153696	606	606	505	505	607	507
1515	SP12-2	319102.03	153696	606	606	505	505	606	507
258	SP15-1	319557	153324.9	606	506	506	505	707	707
256	SP15-1	319557	153325	606	0	505	505	0	506
257	SP15-1	319557.01	153325	606	606	506	505	506	606
259	SP15-1	319557	153326.2	606	505	505	707	606	505
260	SP15-1	319557	153326.8	506	606	506	507	606	506
255	SP15-1	319557.6	153324.7	606	0	0	505	707	707
254	SP15-1	319558	153328	606	0	505	505	607	507
240	SP15-1	319558.5	153327	606	606	505	0	606	707
251	SP15-1	319558.51	153327	606	506	505	707	607	606
252	SP15-1	319558.5	153327.2	606	606	506	505	607	707
243	SP15-1	319559	153326.8	606	606	505	707	607	707
250	SP15-1	319559	153327	506	606	505	505	606	507
244	SP15-1	319559	153327.5	606	606	505	0	606	507
253	SP15-1	319559.2	153329.5	606	0	505	505	607	507
242	SP15-1	319559.5	153326	606	606	505	0	607	707
248	SP15-1	319559.5	153327	606	0	506	505	607	507
247	SP15-1	319560	153324.5	606	606	505	507	606	507
197	SP15-1	319560	153327	0	0	505	505	606	707
199	SP15-1	319560.01	153327	0	0	506	505	707	507
246	SP15-1	319560	153328	606	0	505	0	606	507
249	SP15-1	319560	153329.8	606	0	506	505	606	607
218	SP15-1	319560.2	153327.2	0	606	505	505	607	507
214	SP15-1	319560.3	153324.5	606	606	506	505	606	507
217	SP15-1	319560.3	153328	506	606	506	505	606	507
209	SP15-1	319560.5	153324	0	606	505	505	607	707
215	SP15-1	319560.5	153325	606	606	506	507	606	507
241	SP15-1	319560.5	153326.5	606	606	505	0	607	707
213	SP15-1	319560.8	153323.8	0	606	505	505	607	707
205	SP15-1	319561	153324	606	0	506	505	607	707
212	SP15-1	319561	153324.2	0	606	505	505	606	707
196	SP15-1	319561	153327	0	0	505	505	606	607
211	SP15-1	319561.01	153327	0	606	505	507	606	507
210	SP15-1	319561	153329	0	606	505	505	606	507
206	SP15-1	319561.5	153325	606	0	506	505	606	707
207	SP15-1	319561.5	153327	606	0	505	505	607	607
208	SP15-1	319561.51	153327	606	0	506	505	607	707
204	SP15-1	319561.8	153325	606	0	505	505	606	507
203	SP15-1	319561.8	153326.2	606	0	506	505	607	505
202	SP15-1	319562	153324	606	0	505	505	607	707
191	SP15-1	319562	153326	0	0	506	0	606	507
192	SP15-1	319562.01	153326	0	0	506	0	606	707
193	SP15-1	319562.02	153326	0	0	506	0	606	707
194	SP15-1	319562.03	153326	0	0	505	505	607	505
195	SP15-1	319562.04	153326	0	0	506	505	606	507
239	SP15-1	319562.05	153326	606	606	506	505	607	505
245	SP15-1	319562.06	153326	606	0	505	505	707	505
200	SP15-1	319562.5	153325.5	0	0	505	505	607	507
198	SP15-1	319563	153324	0	0	505	505	606	707
201	SP15-1	319563	153327	606	0	505	505	607	507
130	SP15-2	319544	153285	606	606	506	505	0	707
131	SP15-2	319544	153286	606	606	506	505	606	507
132	SP15-2	319544.01	153286	606	606	505	505	607	707
133	SP15-2	319544	153290.5	606	606	506	505	607	707
129	SP15-2	319544	153291	606	606	505	505	707	707
134	SP15-2	319544.01	153291	606	606	505	505	607	707
135	SP15-2	319544.02	153291	606	606	505	505	607	707
137	SP15-2	319545	153285.4	606	606	506	0	606	507
138	SP15-2	319545	153286.2	506	606	505	0	607	707
139	SP15-2	319545.01	153286.2	606	606	505	507	607	707
141	SP15-2	319545	153287	606	606	505	505	707	505
142	SP15-2	319545.01	153287	506	0	505	505	606	606
143	SP15-2	319545	153290	506	0	506	507	607	506
145	SP15-2	319545	153290.7	606	606	506	505	606	607
146	SP15-2	319545	153291	606	606	505	505	607	607
147	SP15-2	319545.01	153291	606	606	506	505	606	507
148	SP15-2	319545.02	153291	606	606	506	505	607	707
149	SP15-2	319545.03	153291	606	606	506	505	606	707
136	SP15-2	319545.2	153285	606	606	505	505	707	707
150	SP15-2	319545.21	153285	606	606	505	505	606	707
140	SP15-2	319545.2	153286.2	505	606	505	505	606	707
151	SP15-2	319545.5	153285	606	606	506	505	606	505
154	SP15-2	319545.5	153285.8	606	606	505	505	606	707
157	SP15-2	319545.5	153289	606	606	505	505	607	505
156	SP15-2	319545.7	153287	506	606	506	505	607	707
152	SP15-2	319545.8	153285.8	606	606	505	505	607	507
153	SP15-2	319545.8	153286	606	606	505	505	607	606
160	SP15-2	319546	153285	606	606	606	505	607	507
161	SP15-2	319546.01	153285	606	606	505	505	607	707
166	SP15-2	319546	153285.3	606	0	505	505	707	507
158	SP15-2	319546	153290.8	606	606	505	505	607	707
171	SP15-2	319546.2	153286	506	0	505	505	607	607
168	SP15-2	319546.2	153286.8	606	606	505	507	607	707
169	SP15-2	319546.2	153287	606	0	505	505	607	507
170	SP15-2	319546.4	153285.8	606	0	505	505	607	707
167	SP15-2	319546.7	153285.8	506	0	506	505	607	505
178	SP15-2	319546.8	153290.2	606	0	506	505	607	707
179	SP15-2	319546.8	153290.5	606	0	505	505	606	507
162	SP15-2	319546.9	153285.2	606	606	505	505	606	505
174	SP15-2	319546.9	153289.2	606	0	606	505	707	507
180	SP15-2	319547	153285.1	606	0	505	505	607	507
163	SP15-2	319547	153285.2	606	0	506	505	607	707
164	SP15-2	319547	153285.4	606	0	505	505	607	507
165	SP15-2	319547.01	153285.4	606	0	505	505	606	607
185	SP15-2	319547	153286.4	606	0	505	505	606	707
188	SP15-2	319547	153287	606	0	505	505	606	707
173	SP15-2	319547	153289	506	0	505	505	606	507
175	SP15-2	319547	153289.5	506	0	505	507	606	507
176	SP15-2	319547	153289.9	606	0	505	507	506	507
159	SP15-2	319547	153291	606	606	506	505	606	707
181	SP15-2	319547.2	153285.2	506	0	505	505	506	707
182	SP15-2	319547.2	153285.3	606	0	505	505	607	507
184	SP15-2	319547.2	153286	606	0	505	505	607	607
177	SP15-2	319547.2	153290	606	0	505	507	607	507
183	SP15-2	319547.5	153286	606	0	505	505	607	507
187	SP15-2	319547.5	153286.5	606	0	505	505	707	707
144	SP15-2	319547.5	153291	606	0	506	507	606	507
236	SP15-2	319547.51	153291	606	0	505	0	606	507
237	SP15-2	319547.52	153291	606	606	505	505	606	507
155	SP15-2	319547.7	153287	606	606	505	505	507	707
189	SP15-2	319547.7	153288.8	606	0	505	505	606	707
190	SP15-2	319547.8	153290	606	0	506	505	707	707
235	SP15-2	319548	153285	606	606	505	0	606	507
186	SP15-2	319548	153286.8	606	0	506	505	606	607
229	SP15-2	319548	153287.5	606	0	0	507	0	707
230	SP15-2	319548.01	153287.5	606	0	0	505	707	507
231	SP15-2	319548.02	153287.5	606	0	505	505	707	707
232	SP15-2	319548.03	153287.5	606	0	606	505	707	707
228	SP15-2	319548	153290.5	606	606	505	505	607	507
233	SP15-2	319548.2	153286	606	0	505	0	707	507
234	SP15-2	319548.5	153286	606	0	0	0	607	507
227	SP15-2	319548.5	153286.5	606	0	506	505	607	707
223	SP15-2	319548.5	153290.8	606	606	505	505	606	507
224	SP15-2	319548.8	153289	606	606	506	507	606	707
226	SP15-2	319548.9	153287.9	606	606	506	0	707	707
225	SP15-2	319549	153288	606	606	606	707	606	507
222	SP15-2	319549	153290	606	606	506	507	607	507
238	SP15-2	319549	153290.8	606	606	505	505	606	707
219	SP15-2	319549.2	153288.2	606	606	506	0	707	707
262	SP15-2	319549.3	153288.8	606	606	506	507	606	507
221	SP15-2	319549.5	153286.5	606	606	506	505	606	506
220	SP15-2	319549.6	153287.5	606	606	505	505	606	707
261	SP15-2	319549.6	153288.2	606	606	505	505	607	707
279	SP15-2	319549.9	153289.7	606	606	506	505	607	707
276	SP15-2	319550	153285.2	606	606	505	0	707	707
277	SP15-2	319550	153288.8	606	606	506	505	707	707
278	SP15-2	319550	153289.5	606	606	606	505	707	707
280	SP15-2	319550	153290	606	606	606	505	606	707
END
// the word END is compulsory at the end of the list of individuals data

