// Example of AFLP dataset to estimate pairwise kinship coefficients according to distance when the broad-sense heritability (H2) of each AFLP marker is given, following Ley & Hardy 2013 (Mol Ecol, 22:1984-1997). 																																																																																										
// 197 individuals were typed at 87 AFLP markers, as indicated by the 1st and 4th format numbers.																																																																																										
// The 2nd format number=2 indicates that there are two categories of individuals. Here, these two categories design the morpho-species ('Danckel', 'Lieb'). This allows computing kinship-distance curves for pairs of inviduduals belonging to the same or different morpho-species.																																																																																										
// The 3rd format number =-2 indicates that the spatial coordinates of each individual are given in latitude and longitude (in this order) in degrees. 																																																																																										
// The 5th format number =0 indicates that the data set corresponds to dominant markers where 2= band present, 1=band absent, 0=missing data. An alternative notation could have been to set the 5th format number to a negative number (e.g. -9) in which case the phenotypes would have been interpreted as 1= band present, 0=band absent, -9=missing data. 																																																																																										
// The 6th format number =2 indicates that the genome is diploid (currently SPAGeDi can treat dominant data only for diploids).																																																																																										
// The second line indicates that there are 7 distances classes defined by the upper distances, which are in km when spatial coordinates are given in degrees latitude and longitude (3rd format number=-2)																																																																																										
// The broad-sense heritability of each marker is given at the end, just after the line with END, on a line that must start with "H2". This line can be ommited, in which case the broad-sense heritability of each marker is assumed to be H2=1 (cf. other dataset example to see how to estimate H2)																																																																																										
197	2	-2	87	0	2																																																																																					
7	10	20	50	100	200	300	400																																																																																			
ID	Cat	Lat	Long	L2_49.028	L2_73.956	L2_76.676	L2_99.967	L2_104.329	L2_108.254	L2_110.877	L2_112.862	L2_120.619	L2_124.114	L2_132.803	L2_137.654	L2_140.171	L2_145.326	L2_152.477	L2_156.359	L2_158.63	L2_165.548	L2_167.746	L2_172.133	L2_174.139	L2_177.405	L2_181.708	L2_186.238	L2_189.442	L2_192.638	L2_194.814	L2_203.315	L2_205.541	L2_210.75	L2_213.437	L2_215.552	L2_220.847	L2_224.507	L2_231.012	L2_233.35	L2_236.311	L2_242.786	L2_248.061	L2_253.731	L2_255.955	L2_258.065	L2_264.35	L2_267.775	L2_273.067	L2_276.011	L2_279.8	L2_281.833	L2_284.267	L2_288.619	L2_304.8	L2_309.28	L2_312.291	L2_314.443	L2_329.1	L2_332.6	L2_336.1	L2_337.95	L2_339.92	L2_343.336	L2_347	L2_354.3	L2_359	L2_361.9	L2_363.2	L2_366.3	L2_374.638	L2_378.305	L2_381.62	L2_382.95	L2_387.6	L2_392.987	L2_395.9	L2_398.3	L2_405.6	L2_421.3	L2_428.75	L2_433.163	L2_441.8	L2_451.54	L2_456.8	L2_462.967	L2_464.847	L2_483.1	L2_485.8	L2_492.4	L2_493.5
ACL0035_D11	Danckel	-0.1742004	12.5525997	2	2	2	1	1	1	1	2	1	1	2	1	2	1	1	1	2	2	1	1	1	2	1	1	1	1	1	1	1	1	2	1	1	1	1	1	1	1	1	1	1	1	1	1	1	1	1	2	1	1	1	1	1	1	1	1	1	1	1	1	1	1	1	1	1	1	1	2	1	1	1	2	1	1	1	1	1	1	1	1	1	1	1	1	1	1	1
ACL0037_A02	Danckel	-0.1640502	12.5042337	2	2	1	1	1	2	1	2	1	1	1	1	1	1	1	2	1	2	1	1	2	2	1	1	1	1	1	1	1	1	2	1	1	1	1	1	1	1	1	1	1	1	1	1	1	1	1	1	1	1	1	1	1	1	1	1	1	1	1	1	1	1	1	1	1	1	1	2	1	1	1	2	1	1	1	1	1	1	1	1	1	1	1	1	1	1	1
ACL0038_A01	Danckel	0.0891333	13.7112336	2	2	1	1	1	2	1	2	1	2	2	2	2	2	1	1	2	2	2	2	2	2	1	1	1	2	2	1	2	1	2	1	1	1	1	1	1	1	1	1	1	2	1	2	1	1	1	2	1	1	1	1	1	1	1	1	1	1	1	1	1	1	1	1	1	1	1	1	1	1	1	1	1	1	1	1	1	1	1	1	1	1	1	1	1	1	1
ACL0040_D01	Danckel	0.0984834	13.709817	2	2	1	1	1	1	1	2	1	1	1	1	1	2	1	1	2	2	1	1	2	2	1	1	1	1	1	1	1	1	2	1	1	1	1	1	1	1	1	1	1	2	1	1	1	1	1	2	1	1	1	1	1	1	1	1	1	1	1	1	1	1	1	1	1	1	1	1	1	1	1	2	1	1	1	1	1	1	1	1	1	1	1	1	1	1	1
ACL0041_B01	Danckel	-0.1893663	12.558933	2	2	1	1	1	2	1	2	1	2	2	1	1	2	2	1	2	2	1	1	2	2	1	2	2	1	1	1	1	1	2	1	1	1	1	1	1	1	1	1	2	1	1	2	1	1	1	1	1	1	1	1	2	1	1	1	1	1	1	1	1	1	1	1	1	1	1	2	1	1	1	2	1	1	1	1	1	1	1	1	1	1	1	1	1	1	1
ACL0043_B05	Danckel	0.5788503	11.2559337	2	2	1	1	1	1	1	2	1	1	1	1	1	2	1	1	1	2	1	1	2	2	1	1	1	1	1	1	1	1	2	1	1	1	1	1	1	1	1	1	2	1	1	2	1	1	1	2	1	1	1	1	1	1	1	1	1	1	1	1	2	1	1	1	1	1	1	2	1	1	1	2	1	1	1	1	1	1	1	1	1	1	1	1	2	1	1
ACL0044_F09	Danckel	0.5312169	11.1416832	1	2	1	1	1	1	1	2	1	1	1	1	1	1	2	2	2	2	1	1	2	2	1	1	1	2	1	1	2	1	2	2	1	1	1	1	1	1	1	1	1	1	1	1	1	1	1	1	1	1	1	1	1	1	1	1	1	2	1	1	1	1	1	1	1	1	1	2	1	1	1	2	1	1	1	1	1	1	1	1	1	1	1	1	1	1	1
ACL0045_D10	Danckel	0.6118164	11.213667	2	2	1	2	1	1	1	2	1	2	1	1	2	1	2	1	2	1	2	1	2	2	1	1	1	1	1	1	1	1	2	1	1	1	1	1	1	1	1	1	2	1	1	1	1	1	1	2	1	1	1	1	1	1	1	1	1	1	1	1	1	1	1	1	1	1	1	1	1	1	1	2	1	1	1	1	1	1	1	1	1	1	1	1	1	1	1
ACL0046_G10	Danckel	0.570267	9.3381498	2	2	1	1	1	2	1	2	1	1	1	1	1	1	1	1	2	2	1	1	2	1	1	1	1	1	1	1	1	2	2	2	1	1	1	1	1	2	1	1	2	1	1	2	1	1	1	1	1	1	1	2	1	1	1	1	1	1	1	1	1	1	1	1	1	1	1	2	1	1	1	2	1	1	1	1	1	1	1	1	1	1	1	1	1	1	1
ACL0048_A04	Danckel	0.5766831	9.3327498	2	2	1	1	1	1	1	2	1	1	1	1	1	1	1	1	1	2	2	1	2	1	1	1	1	1	1	1	1	1	2	2	1	1	1	1	1	2	1	1	2	1	1	1	1	1	1	1	1	1	1	1	1	1	1	1	1	1	1	1	1	1	1	1	1	1	1	2	1	1	1	1	1	1	1	1	1	1	1	2	1	1	1	1	1	1	1
ACL0049Ext8_A11	Danckel	0.413883	9.490167	2	2	1	1	1	2	1	2	1	1	1	1	1	1	1	1	2	2	2	1	2	1	1	1	1	1	2	1	1	1	2	1	1	1	2	1	1	2	1	1	2	1	1	1	1	1	1	2	1	1	1	1	2	1	1	1	1	1	1	1	1	1	1	1	1	1	1	1	1	1	1	1	1	1	1	1	1	1	1	1	1	1	1	1	1	1	1
ACL0050_D01	Danckel	0.4161834	9.4881834	2	2	1	1	1	1	1	2	1	1	2	1	1	2	1	1	2	2	1	2	2	1	2	1	1	2	1	1	1	2	2	1	1	1	2	2	1	2	1	1	2	1	1	2	1	1	1	2	1	1	1	1	1	1	1	1	1	1	1	1	1	1	1	1	1	1	1	1	1	1	1	1	1	1	1	1	1	1	1	2	1	1	1	1	1	1	1
ACL0051Ext8_G05	Danckel	0.8670501	13.5191997	2	2	1	1	1	1	1	2	1	1	1	1	1	1	1	1	2	2	1	1	2	2	1	1	1	1	1	1	1	1	2	1	1	1	1	1	1	1	1	1	2	2	1	1	1	1	1	2	1	1	1	1	1	1	1	1	1	1	1	1	1	1	1	1	1	1	1	2	1	1	1	2	1	1	1	1	1	1	1	1	1	1	1	1	1	1	1
ACL0052_B08 	Danckel	0.863217	13.5216837	2	2	2	1	1	2	1	2	1	2	1	1	1	1	2	1	2	2	1	1	2	2	1	1	2	2	1	1	1	1	2	1	1	1	1	1	1	1	1	1	1	1	1	1	1	1	1	2	1	1	1	1	2	1	1	1	1	1	1	1	1	1	1	1	1	1	1	2	1	1	1	2	1	1	1	1	1	1	1	1	1	1	1	1	1	1	1
ACL0054_F08	Danckel	0.8524998	13.5549837	2	2	1	2	1	1	1	2	1	2	1	1	1	1	2	1	2	2	1	1	2	2	1	1	1	1	1	1	1	1	2	1	1	1	1	1	1	1	1	1	2	1	1	1	1	1	1	2	1	1	1	1	1	1	1	1	1	1	1	1	1	1	1	1	1	1	1	2	1	1	1	2	1	1	1	1	1	2	1	1	1	1	1	1	1	1	1
ACL0055_D10 	Danckel	0.8646336	13.5513999	2	2	2	2	1	2	1	2	1	1	1	1	2	1	2	1	2	2	1	1	1	2	1	1	2	1	2	1	1	1	2	1	1	1	1	1	1	1	1	1	2	1	1	1	1	1	1	2	1	1	1	1	1	1	1	1	1	1	1	1	1	1	1	1	1	1	1	2	1	1	1	1	1	1	1	1	1	1	1	1	1	1	1	1	1	1	1
ACL0057_H11	Danckel	-1.9489833	11.7830664	2	2	2	2	1	2	2	2	2	1	2	1	2	1	1	2	1	1	2	2	1	2	2	1	1	2	1	2	1	1	2	2	2	1	1	1	1	1	1	1	1	1	1	1	1	2	1	2	1	1	1	1	1	1	1	1	1	1	1	1	1	1	1	1	1	1	1	2	1	1	1	1	1	1	1	1	1	1	1	1	1	1	1	1	1	1	1
ACL0058_A03	Danckel	-1.9512171	11.7839502	2	2	2	1	1	2	2	2	1	1	1	1	1	2	1	1	1	2	2	1	2	1	2	1	1	2	1	1	1	1	2	2	1	1	1	1	1	1	1	1	1	1	1	2	1	2	1	2	1	1	1	1	1	1	1	1	1	1	1	1	1	1	1	1	1	1	1	2	1	1	1	2	1	1	1	1	1	1	1	1	1	1	1	1	1	1	1
ACL0059_A05	Danckel	-1.9505997	11.7812502	2	2	1	1	1	2	1	2	1	2	1	1	1	2	1	1	1	2	1	1	2	2	2	1	1	1	1	1	1	1	2	2	1	1	1	1	1	1	1	1	2	2	1	2	1	2	1	2	1	1	1	1	1	1	1	1	1	1	1	1	1	1	1	1	1	1	1	2	2	1	1	2	1	1	1	1	1	1	1	1	1	1	1	1	1	1	1
ACL0079_D04	Danckel	-1.0278666	11.285667	2	2	1	1	1	1	1	2	1	1	1	1	1	1	1	1	2	2	1	1	2	1	1	1	1	1	1	1	1	1	2	1	1	1	1	1	1	1	1	1	2	1	1	1	1	1	1	1	1	1	1	1	1	1	1	1	1	1	1	1	1	1	1	1	1	1	1	1	1	1	1	1	1	1	1	1	1	1	1	1	1	1	1	1	1	1	1
ACL0616_G02	Danckel	0.6080832	11.2147002	2	2	1	2	1	1	1	2	1	1	1	2	1	1	2	1	2	2	2	1	2	2	1	1	2	2	1	1	2	1	2	1	1	1	1	1	1	1	1	1	1	1	1	2	1	1	1	1	1	1	1	1	2	1	1	1	1	1	1	1	1	1	1	1	1	1	1	2	1	1	1	1	1	1	1	1	1	1	1	1	1	1	1	1	1	1	1
ACL0617_A04	Danckel	0.6056001	11.2135329	2	2	1	2	1	2	1	2	1	2	2	1	1	1	1	1	2	2	1	1	2	2	1	2	1	1	1	1	2	1	2	1	1	1	1	1	1	2	1	1	2	1	1	1	1	1	1	1	1	1	1	1	2	1	1	1	1	1	1	1	1	1	1	1	1	1	1	2	1	1	1	2	1	1	1	1	1	1	1	1	1	1	1	1	1	1	1
ACL0624_C10	Danckel	0.5660163	9.3588498	2	2	2	1	1	1	1	2	2	2	1	1	1	1	2	1	2	2	1	1	2	1	1	1	1	1	1	1	1	1	2	2	1	1	1	1	1	2	1	1	2	1	1	1	1	1	1	1	1	1	1	1	1	1	1	1	1	1	1	1	1	1	1	1	1	1	1	2	1	1	1	1	1	1	1	1	1	1	1	1	1	1	1	1	1	1	1
ACL0626_B03	Danckel	0.5662998	9.3599496	2	2	1	1	1	1	1	2	1	2	1	1	2	1	1	1	2	2	1	2	2	1	1	1	2	1	1	1	1	2	2	2	1	1	1	1	1	1	1	1	2	1	1	1	1	1	1	2	1	1	1	1	1	1	1	1	1	1	2	1	1	1	1	1	1	1	1	2	1	1	1	1	1	1	1	1	1	1	1	1	1	1	2	1	1	1	1
ACL0627_G01	Danckel	0.5658498	9.3597831	2	2	1	1	2	1	1	2	1	1	1	1	1	1	1	1	2	2	1	1	2	1	1	1	1	2	1	1	1	1	2	1	1	1	1	1	1	2	1	1	2	1	1	1	1	1	1	1	1	1	1	1	1	1	1	1	1	1	2	1	1	1	1	1	1	1	1	2	1	1	1	1	1	1	1	2	1	1	1	1	1	1	1	1	1	1	1
ACL0648_F06	Danckel	1.8052002	11.6184663	2	2	1	1	2	2	1	2	1	1	1	1	1	1	2	1	2	2	1	1	2	2	1	1	1	1	1	1	1	1	2	1	1	1	1	1	1	1	1	1	1	2	1	1	1	1	1	1	1	1	1	1	1	1	1	1	1	1	1	1	1	1	1	1	1	1	1	1	1	1	1	1	1	1	1	1	1	1	1	1	1	1	1	1	1	1	1
ACL0651Ext8_E01	Danckel	1.8053334	11.6005329	2	2	1	1	1	2	1	2	1	1	1	1	1	1	1	1	2	2	1	2	2	2	1	1	1	1	1	1	1	1	2	1	1	1	1	1	1	1	1	1	1	1	1	1	1	1	1	2	1	1	1	1	1	1	1	1	1	1	1	1	1	1	1	1	1	1	1	1	1	1	1	2	1	1	1	1	1	1	1	1	1	1	1	1	1	1	1
ACL0653_E02	Danckel	1.8127836	11.6135496	2	2	1	1	2	2	1	2	1	1	1	1	1	1	2	1	2	2	1	1	2	2	1	1	2	2	1	1	1	1	2	1	1	1	1	1	1	1	1	1	1	1	1	2	1	1	1	1	1	1	1	1	1	1	1	1	1	1	1	1	1	1	1	1	1	1	1	1	1	1	1	2	1	1	1	1	1	1	1	1	1	1	1	1	1	1	1
ACL0656_B01	Danckel	1.3571496	11.609883	1	1	2	1	1	2	1	2	1	1	2	1	1	1	2	1	2	1	1	1	1	2	1	1	1	2	1	1	1	1	2	2	1	1	1	1	1	1	2	1	1	1	1	1	1	1	1	1	1	1	1	1	1	1	1	1	1	1	1	1	1	1	1	1	1	1	1	1	1	1	1	1	1	1	1	1	1	1	2	1	1	1	1	1	1	1	2
ACL0663_D05	Danckel	1.7542665	11.6072667	2	2	2	1	1	1	2	2	1	2	2	1	2	1	2	1	2	2	1	1	2	2	1	1	2	1	1	1	1	1	2	1	1	1	1	1	1	1	1	1	1	1	1	2	1	1	1	1	1	1	1	1	1	1	1	1	1	1	1	1	1	1	1	1	1	1	1	1	1	1	1	2	1	1	1	1	1	1	1	1	1	1	1	1	1	1	1
ACL0677_C04	Danckel	0.0960831	13.710483	2	1	2	2	1	1	2	2	1	1	2	1	1	1	1	1	2	2	2	1	2	2	1	2	1	1	1	1	1	1	2	1	1	1	1	1	1	1	1	1	1	2	1	1	1	1	1	1	1	1	1	1	1	1	1	1	1	1	1	1	1	1	1	1	1	1	1	1	1	1	1	2	1	1	1	1	1	1	1	1	1	1	1	1	1	1	1
ACL0686_D08 	Danckel	0.8655003	13.52115	2	2	1	1	1	2	1	2	1	1	1	2	1	1	1	2	2	2	1	1	2	2	1	1	1	1	1	1	1	1	2	2	1	1	1	1	1	1	1	1	2	1	1	1	1	1	1	1	1	1	1	1	1	1	1	1	1	1	1	1	1	1	1	1	1	1	1	2	1	1	1	2	1	1	1	1	1	1	1	1	1	1	1	1	1	1	1
ACL0692_F04	Danckel	1.0037835	13.1955003	2	2	1	2	1	2	1	2	1	1	1	1	1	1	2	2	2	2	2	1	2	2	1	1	1	2	1	1	1	1	2	1	1	1	1	1	1	1	1	1	1	1	1	1	1	1	1	1	1	1	1	1	2	1	1	1	1	1	1	1	1	1	1	1	1	1	1	1	1	1	1	2	1	1	1	1	1	1	1	1	1	1	1	1	1	1	1
ACL0693_C06	Danckel	1.0045665	13.1958666	2	2	1	1	1	2	1	2	1	2	1	1	2	1	1	1	2	2	2	1	2	2	1	1	1	2	1	1	1	1	2	1	1	1	1	1	1	1	1	1	2	1	1	1	1	1	1	1	1	1	1	1	1	1	1	1	1	1	1	1	1	1	1	1	1	1	1	2	1	1	1	2	1	1	1	1	1	1	1	1	1	1	1	1	1	1	1
ACL0697_E10	Danckel	1.0876671	13.2003999	2	2	1	1	1	2	1	2	1	2	1	1	1	1	1	1	2	2	1	1	2	2	1	1	1	1	1	1	1	1	2	1	1	1	1	1	1	1	1	1	2	1	1	1	1	1	1	1	1	1	1	1	1	1	1	1	1	1	1	1	1	1	1	1	1	1	1	1	1	1	1	2	1	1	1	1	1	1	1	1	1	1	1	1	1	1	1
ACL0698_C05	Danckel	0.7775667	13.1372001	2	2	1	1	1	1	1	2	1	2	2	1	2	1	1	1	2	2	1	1	2	2	1	1	1	1	2	1	1	2	2	1	1	1	1	1	1	1	1	1	1	2	1	1	1	1	1	1	1	1	1	1	1	1	1	1	1	1	1	1	1	1	1	1	1	1	1	1	1	1	1	2	1	1	1	1	1	1	1	1	1	1	1	1	1	1	1
ACL0699_F05	Danckel	0.7878996	13.1282829	2	2	1	1	1	2	1	2	1	2	1	1	1	1	1	1	2	2	2	1	2	2	1	2	1	1	1	1	1	1	2	1	1	1	1	1	1	1	1	1	1	1	1	1	1	1	1	2	1	1	1	2	2	1	1	1	1	1	1	1	1	1	1	1	1	1	1	2	1	1	1	2	1	1	1	1	1	1	1	1	1	1	1	1	1	1	1
ACL0702_C12	Danckel	0.2222496	13.501017	2	2	1	1	1	1	1	2	1	1	1	1	1	1	1	1	1	2	2	1	2	2	1	1	1	1	1	1	1	1	2	1	1	1	1	1	1	1	1	1	2	1	1	1	1	1	1	2	1	1	1	1	1	1	1	1	1	1	1	1	1	1	1	1	1	1	1	1	1	1	1	1	1	1	1	1	1	1	1	1	1	1	1	1	1	1	1
ACL0709_C02	Danckel	0.2224998	13.5015669	2	2	1	1	1	2	1	2	1	1	1	1	1	1	1	1	1	2	1	1	2	2	1	1	1	1	1	1	1	1	2	2	1	1	1	1	1	1	1	1	2	1	1	1	1	1	1	1	1	1	1	1	1	1	1	1	1	1	1	1	1	1	1	1	1	1	1	1	1	1	1	1	1	1	1	1	1	1	1	1	1	1	1	1	1	1	1
ACL0710_G08	Danckel	0.2217996	13.5006003	2	2	1	1	1	2	1	2	1	1	1	1	1	1	2	1	2	2	1	1	2	2	1	1	1	1	1	1	1	1	2	1	1	1	1	1	1	1	1	1	2	1	1	1	1	1	1	1	1	1	1	1	1	1	1	1	1	1	1	1	1	1	1	1	1	1	1	1	1	1	1	1	1	1	1	1	1	1	1	1	1	1	1	1	1	1	1
ACL0711_H07	Danckel	0.7891164	13.1274171	2	2	2	1	1	2	1	2	1	1	1	1	2	1	1	1	2	2	1	1	2	2	1	2	1	1	1	1	2	1	2	1	1	1	1	1	1	1	1	1	1	1	1	1	1	1	1	1	1	1	1	1	1	1	1	1	1	1	1	1	1	1	1	1	1	1	1	1	1	1	1	1	1	1	1	1	1	1	1	1	1	1	1	1	1	1	1
ACL0714_H04	Danckel	0.785583	13.1289003	2	2	2	1	2	2	1	2	1	2	2	1	1	1	2	1	2	2	1	1	2	2	1	1	1	1	2	2	1	1	2	1	1	1	1	1	1	1	1	1	2	1	1	1	1	1	1	1	1	1	1	1	1	1	1	1	2	1	1	1	1	1	1	1	1	1	1	1	1	1	1	1	1	1	1	1	1	1	1	1	1	1	1	1	1	1	1
ACL0715_H11	Danckel	0.7829667	13.1301666	2	2	1	1	1	1	1	2	1	1	1	1	2	1	1	1	2	2	1	1	2	2	1	1	1	1	1	1	1	1	2	1	1	1	1	1	1	1	1	1	1	1	1	1	1	1	1	1	1	1	1	2	1	1	1	1	1	1	1	1	1	1	1	1	1	1	1	1	1	1	1	1	1	1	1	1	1	1	1	1	1	1	1	1	1	1	1
ACL0719_B02	Danckel	1.2215502	11.5881165	2	2	1	2	2	2	1	2	1	1	2	1	1	1	1	1	2	2	1	1	2	2	1	1	1	1	1	1	1	1	2	1	1	1	1	1	1	1	1	1	2	1	1	1	1	1	1	1	1	1	1	1	1	1	1	1	1	1	1	1	1	1	1	1	1	1	1	1	1	1	1	2	1	1	1	1	1	1	1	1	1	1	1	1	1	1	1
ACL0720_G06	Danckel	-2.3292666	10.6084836	2	2	1	1	2	1	1	2	1	1	1	1	1	1	1	1	1	2	2	1	1	1	2	1	1	1	1	1	1	1	2	2	1	1	1	1	1	1	1	1	1	1	1	1	1	1	1	1	1	1	1	1	1	1	1	1	1	1	1	1	1	1	1	1	1	1	1	1	1	1	1	2	1	1	1	1	1	1	1	1	1	1	1	1	1	1	1
ACL0721_F03	Danckel	-2.32965	10.6098669	2	2	1	1	2	2	1	2	1	1	1	1	1	1	1	1	1	2	1	1	2	2	2	1	1	2	2	1	1	1	2	2	1	1	1	1	1	2	1	1	2	1	1	1	1	1	1	1	1	1	1	1	1	1	1	1	1	1	1	1	1	1	1	1	1	1	1	2	1	1	1	2	1	1	1	1	1	1	1	1	1	1	1	1	1	1	1
ACL0724_A09	Danckel	-2.3305329	10.6110837	2	2	1	1	2	1	1	2	1	1	1	1	1	1	1	1	1	2	1	1	1	1	2	1	1	2	1	1	1	1	2	2	1	1	1	1	1	1	1	1	1	1	1	1	1	1	1	1	1	1	1	1	1	1	1	1	1	1	1	1	1	1	1	1	1	1	1	2	1	1	1	2	1	1	1	1	1	1	1	1	1	1	1	1	1	1	1
ACL0732_B04	Danckel	-1.6807167	10.3526829	2	2	1	1	1	1	1	2	1	1	1	1	1	1	1	1	1	2	1	1	1	1	2	1	1	1	1	1	1	1	2	2	1	1	1	1	1	2	1	1	1	1	1	1	1	1	1	1	1	1	1	1	1	1	2	1	1	1	1	1	1	1	1	1	1	1	1	1	1	1	1	2	1	1	1	1	1	1	1	1	1	1	1	1	1	1	1
ACL0736_B02	Danckel	-1.6807329	10.3530996	2	2	1	1	1	1	1	2	1	1	1	1	1	1	1	1	1	2	1	1	1	1	2	1	1	1	1	1	1	1	2	1	1	1	1	1	1	2	1	1	1	1	1	1	1	1	1	1	1	1	1	1	2	1	1	1	1	1	1	1	1	1	1	1	1	1	1	2	1	1	1	2	1	2	1	1	1	1	1	1	1	1	1	1	1	1	1
ACL0737_D07	Danckel	-1.6592832	10.33785	2	2	1	1	2	2	1	2	1	2	1	1	1	2	2	1	1	2	2	1	2	1	2	1	1	1	2	1	1	1	2	1	1	1	1	1	1	2	2	1	1	1	1	1	1	1	1	1	1	1	1	1	1	1	1	1	1	1	1	1	1	1	1	1	1	1	1	1	1	1	1	2	1	1	1	1	1	1	1	1	1	1	1	1	1	1	1
ACL0739_E01	Danckel	-1.6601166	10.33785	2	2	1	1	2	1	1	2	1	1	1	1	2	2	1	1	2	2	2	1	1	1	2	1	1	2	1	1	1	1	2	2	1	1	1	1	1	2	1	1	1	1	1	1	1	1	1	1	1	1	1	1	1	1	1	1	1	1	1	1	1	1	1	1	1	1	1	2	1	1	1	2	1	1	1	1	1	1	1	1	1	1	1	1	1	1	1
ACL0744_E09	Danckel	-1.6624332	10.3380165	2	2	1	1	1	2	2	2	1	1	1	1	1	2	1	1	2	1	1	1	2	1	2	1	1	2	1	1	2	1	2	2	1	1	1	1	1	2	1	1	1	1	1	1	1	1	1	1	1	1	1	1	1	1	1	1	1	1	1	1	1	1	1	1	1	1	1	2	1	1	1	2	1	1	1	1	1	1	1	1	1	1	1	1	1	1	1
ACL0750_B10	Danckel	-1.6576164	10.331433	2	2	1	1	2	1	1	2	1	1	1	1	1	1	1	1	1	2	1	1	1	1	2	1	1	1	1	1	1	1	2	1	1	1	1	1	1	1	1	1	2	1	1	1	1	1	1	2	1	1	1	1	2	1	1	1	1	1	1	1	1	1	1	1	1	1	1	2	1	1	1	2	1	1	1	1	1	1	1	1	1	1	1	1	1	1	1
ACL0753_E08	Danckel	-1.6565337	10.3297167	2	2	1	1	1	1	1	2	1	2	1	1	2	2	2	1	1	2	1	1	1	1	2	1	1	2	2	1	1	2	2	2	1	1	1	1	1	2	2	1	1	1	1	1	1	1	1	1	1	1	1	1	1	1	1	1	1	1	1	1	1	1	1	1	1	1	1	2	1	1	1	2	1	1	1	1	1	1	1	1	1	1	1	1	1	1	1
ACL0768_D10	Danckel	0.6127335	11.2127004	2	2	1	1	2	2	1	2	1	2	1	2	1	1	1	1	2	2	2	1	2	2	1	1	1	2	2	1	1	1	2	1	1	1	1	1	1	1	1	2	2	1	1	2	1	1	1	2	1	1	1	1	1	1	1	1	1	1	1	1	1	1	1	1	1	1	1	2	1	1	1	2	1	1	1	1	1	1	1	1	1	1	1	1	1	1	1
ACL0770_C02	Danckel	0.6066837	11.2084002	2	2	1	1	1	2	2	2	1	1	2	2	1	1	1	1	2	2	1	1	2	2	1	1	2	1	1	1	2	1	2	1	2	1	1	1	1	1	1	1	2	1	1	2	1	1	1	2	1	1	1	1	1	2	1	1	1	1	1	1	1	1	1	1	1	1	1	2	1	1	1	2	1	1	1	1	1	1	1	1	1	1	1	1	1	1	1
ACL0773_F05	Danckel	0.5626503	11.1095334	2	2	1	1	1	2	1	2	1	2	1	1	1	1	1	1	2	2	1	1	2	2	1	1	2	1	2	1	1	1	2	1	1	1	1	1	1	2	1	2	1	2	1	2	1	1	1	2	1	1	1	1	2	1	1	1	1	1	1	1	1	1	1	1	1	1	1	2	1	1	1	2	1	1	2	1	1	1	1	1	1	1	1	1	1	1	1
ACL0776_F02	Danckel	-0.1684503	12.4992999	2	2	1	1	1	2	1	2	1	1	2	1	1	1	1	1	1	2	1	1	2	2	1	1	1	2	1	1	1	1	2	1	1	1	1	1	1	1	1	1	2	1	1	2	1	1	1	1	1	1	1	1	1	1	1	1	1	1	1	1	1	1	1	1	1	1	1	2	1	1	1	2	1	1	1	1	1	1	1	1	1	1	1	1	1	1	1
ACL0777_B10	Danckel	-0.1756665	12.5370333	2	2	1	1	1	2	1	2	1	2	1	1	1	1	1	1	2	2	2	1	1	2	2	1	1	2	2	1	1	1	2	2	1	1	1	1	2	1	1	1	2	2	1	1	1	1	1	1	1	1	1	1	1	1	1	1	1	1	1	1	1	1	1	1	1	1	1	2	1	1	1	2	1	1	1	1	1	1	1	1	1	1	1	1	1	1	1
ACL0778_H02	Danckel	-0.1761831	12.537333	2	2	1	1	1	2	1	2	1	1	2	1	1	1	1	1	2	2	2	1	2	2	1	1	2	1	2	1	1	1	2	1	1	1	1	1	1	1	1	1	2	1	1	2	1	1	1	2	1	1	1	1	1	1	1	1	1	1	1	1	1	1	1	1	1	1	1	2	1	1	1	2	1	1	1	1	1	1	1	1	1	1	1	1	1	1	1
ACL0780_E08	Danckel	-0.1774665	12.5379333	2	2	2	1	1	2	1	2	1	1	1	1	2	2	1	1	2	2	1	1	2	2	1	1	1	1	1	1	1	1	2	1	1	1	1	1	2	1	1	1	2	1	1	1	1	1	1	1	1	1	1	1	1	1	1	1	1	1	1	1	1	1	1	1	1	1	1	1	1	1	1	2	1	1	1	1	1	2	1	1	1	1	1	1	1	1	1
ACL0781_B07	Danckel	-0.1789335	12.5392329	2	2	1	1	1	2	1	2	1	1	1	1	1	2	1	1	2	2	2	1	2	2	1	2	1	2	2	1	1	1	2	2	1	1	1	1	1	1	1	1	2	1	1	1	1	1	1	2	1	1	1	2	1	1	1	1	1	1	1	1	1	1	1	1	1	1	1	2	1	1	1	2	1	1	1	1	1	1	1	1	1	1	1	1	1	1	1
ACL0792_G01	Danckel	-0.1851165	12.55725	2	2	1	1	1	2	1	2	2	1	1	1	1	1	1	1	1	2	1	1	2	2	1	1	1	1	2	1	2	1	2	1	1	1	1	1	1	1	1	1	2	1	1	1	1	1	1	2	1	1	1	1	1	2	1	1	1	1	1	1	1	1	1	1	1	1	1	2	1	1	1	2	1	1	1	1	1	1	1	1	1	1	1	1	1	1	1
ACL0794_A10	Danckel	-0.1734336	12.5532837	2	2	1	1	1	2	1	2	1	1	1	2	1	2	1	1	1	2	2	1	2	2	1	2	2	1	2	1	1	1	2	1	1	1	1	1	1	1	1	1	2	1	1	2	1	1	1	1	1	1	1	1	1	1	1	1	1	1	1	1	1	1	1	1	1	1	1	2	1	1	1	2	1	1	1	1	1	1	1	1	1	1	1	1	1	1	1
ACL0798_C12	Danckel	-0.1645164	12.5021835	2	2	1	1	1	2	1	2	1	2	2	1	1	1	1	2	1	2	2	1	1	2	1	1	2	1	1	2	1	1	2	1	1	1	1	1	2	1	1	1	1	1	1	2	1	1	1	2	1	1	1	1	1	1	1	1	1	1	1	1	1	1	1	1	1	1	1	2	1	1	1	2	1	1	1	1	1	1	1	1	1	1	1	1	1	1	1
ACL0799_C11	Danckel	-0.1666332	12.5017497	2	2	1	1	1	1	1	2	1	2	1	1	1	1	1	2	1	2	1	1	2	2	1	1	1	1	1	1	1	1	2	2	1	1	1	1	1	1	1	1	2	1	1	1	1	1	1	2	1	1	1	1	1	1	1	1	1	1	1	1	1	1	1	1	1	1	1	2	1	1	1	2	1	1	1	1	1	1	1	1	1	1	1	1	1	1	1
ACL0810_E12	Danckel	0.6264	10.3963329	2	2	1	1	2	2	1	2	1	2	1	2	1	1	2	1	1	2	1	1	2	2	1	1	1	1	1	1	1	1	1	1	1	1	1	1	1	1	1	1	2	1	1	1	1	1	1	1	1	1	1	1	1	1	1	1	1	1	1	1	1	1	1	1	1	1	1	1	1	1	1	1	1	1	1	1	1	1	1	1	1	1	1	1	1	1	1
ACL0820_G12	Danckel	0.6125499	10.4037831	2	2	1	1	2	1	1	2	1	1	1	1	2	1	2	1	2	2	1	1	1	1	1	2	1	2	1	1	1	1	1	1	2	1	1	1	1	2	1	1	1	1	1	1	1	1	1	1	1	1	1	1	1	1	1	1	1	1	1	1	1	1	1	1	1	1	1	1	1	1	1	1	1	1	1	1	1	1	1	1	1	1	1	1	1	1	1
ACL0821_F03	Danckel	0.4646664	10.2788001	2	2	2	1	2	1	1	2	2	2	2	1	1	2	1	1	2	2	1	1	2	2	1	1	1	1	1	1	1	1	2	1	1	1	2	1	1	1	1	1	1	1	1	1	1	1	1	2	1	1	1	1	1	1	1	1	1	1	1	1	1	1	1	1	1	1	1	1	1	1	1	1	1	1	1	1	1	1	1	1	1	1	1	1	1	1	1
ACL0831_C05	Danckel	0.4742667	10.2765996	2	2	1	1	1	1	1	2	2	1	1	1	1	2	2	1	2	2	1	1	1	2	1	1	1	1	1	1	1	1	2	1	1	1	1	1	1	1	1	1	1	1	1	1	1	1	1	1	1	1	1	1	1	1	1	1	1	2	1	1	1	1	2	1	1	1	1	1	2	1	1	1	1	1	1	1	1	1	1	1	1	1	1	1	1	1	1
ACL0832_D01	Danckel	0.4516497	10.182267	2	2	1	1	2	1	1	2	1	2	1	1	1	1	1	1	2	2	1	1	2	1	1	1	1	1	1	1	1	1	2	2	1	1	1	1	1	1	1	1	2	1	1	1	1	1	1	1	1	1	1	1	1	1	1	1	1	1	1	1	1	1	1	1	1	1	1	1	1	1	1	1	1	1	1	1	1	1	1	1	1	1	1	1	1	1	1
ACL0834Ext8_A11	Danckel	0.4517667	10.1855331	2	2	1	1	2	1	1	2	1	2	1	1	1	1	1	1	1	2	1	1	1	1	1	1	1	1	1	1	1	1	2	1	1	1	1	1	1	1	1	1	1	1	1	2	1	1	1	1	1	1	1	1	1	1	1	1	1	1	1	1	1	1	1	1	1	1	1	1	1	1	1	1	1	1	1	1	1	1	1	1	1	1	1	1	1	1	1
ACL0846_H04	Danckel	2.1504798	16.1771697	2	2	2	1	1	1	1	2	1	1	1	1	1	1	1	1	2	2	1	2	2	2	1	1	1	1	1	1	1	1	2	1	1	1	1	1	1	1	1	1	1	1	1	1	1	1	1	1	1	1	1	1	1	1	1	1	1	1	1	1	1	1	1	1	1	1	1	2	1	1	1	2	1	1	1	2	1	1	1	1	1	1	1	1	1	1	1
ACL0853_D09	Danckel	2.1034998	16.2944901	2	2	2	1	1	2	2	2	1	1	1	1	2	1	1	1	2	2	1	1	2	2	1	1	1	2	1	1	1	1	2	1	2	1	1	1	1	1	1	1	1	1	1	1	1	1	1	2	1	1	1	1	1	1	1	1	1	1	1	1	1	1	1	1	1	1	1	1	1	1	1	2	1	1	1	1	1	1	1	1	1	1	1	1	1	2	1
ACL0857Ext8_D05	Danckel	3.3578667	12.7355499	2	2	2	1	2	2	1	2	1	1	1	1	1	1	1	1	2	2	2	1	2	2	1	1	2	1	1	1	1	1	2	1	1	1	1	1	1	1	1	1	1	2	1	1	1	1	1	1	1	2	1	1	1	1	1	1	1	1	2	1	1	1	1	1	1	1	1	1	1	1	1	2	1	1	1	1	1	1	1	1	1	1	1	1	1	1	1
ACL0876_H05	Danckel	3.330783	12.7568169	2	2	2	1	2	2	1	2	2	2	1	1	1	1	2	1	2	2	2	2	2	2	1	1	2	1	1	2	1	1	2	1	2	1	1	1	1	1	1	1	2	1	1	2	1	1	1	1	1	1	1	1	2	1	1	1	1	1	2	1	1	1	1	1	1	1	1	1	1	1	1	1	1	1	1	1	1	1	1	1	1	1	1	1	1	1	1
ACL0882_B09	Danckel	3.3209001	10.651617	2	2	1	1	1	2	1	2	1	1	1	1	1	1	1	1	2	2	2	1	2	1	1	1	2	1	1	1	2	2	2	2	1	1	1	1	1	1	1	1	1	1	1	1	1	1	1	1	1	1	1	2	1	1	1	1	1	1	1	1	1	1	1	1	1	1	1	1	1	1	1	1	1	1	1	1	1	1	1	1	1	1	1	1	1	1	1
ACL0883_D08	Danckel	3.3082002	10.6505334	2	2	1	1	1	2	1	2	1	1	1	1	2	1	1	1	2	2	1	1	2	1	1	1	1	1	1	1	1	1	2	1	1	1	1	1	1	1	1	1	2	2	1	1	1	1	1	2	1	1	1	1	1	1	1	1	1	1	2	1	1	1	1	1	1	1	1	1	1	1	1	2	1	1	1	1	1	1	1	1	1	1	1	1	1	1	1
ACL0886_E12	Danckel	3.2295834	10.6061832	2	2	1	1	2	1	2	2	1	2	1	2	1	1	1	1	2	2	1	1	2	2	1	1	2	2	1	1	1	1	2	1	2	1	2	1	1	1	1	2	1	1	1	1	1	1	1	2	1	1	1	1	1	1	1	1	1	1	1	1	1	1	1	1	1	2	1	1	1	1	1	2	1	1	1	1	1	1	1	1	1	1	2	1	1	1	1
ACL0887_G04	Danckel	3.2373	10.6006833	2	2	1	1	1	2	1	2	1	1	1	2	2	2	1	1	2	2	1	1	2	1	1	1	1	1	1	1	1	1	2	1	2	1	1	1	1	1	1	1	2	1	1	1	1	1	1	2	1	1	1	2	1	1	1	1	1	1	1	1	1	1	1	1	1	1	1	2	1	1	1	2	1	1	1	1	1	1	1	1	1	1	1	1	1	1	1
ACL0901_H08	Danckel	3.2476671	10.5950664	2	2	1	1	2	1	1	2	1	1	1	2	2	1	1	1	2	2	1	1	2	2	1	1	1	1	1	1	1	1	2	1	2	1	1	1	1	1	1	1	1	1	1	1	1	1	1	1	1	1	1	2	1	1	1	1	1	1	1	1	1	1	1	1	1	1	1	1	1	1	1	2	1	1	1	1	2	1	1	1	1	1	2	1	1	1	1
ACL0912_B03	Danckel	3.3914835	12.7245996	2	2	2	2	2	2	1	2	1	1	1	1	2	1	1	1	2	2	2	1	2	2	1	1	1	2	1	1	2	1	2	1	1	1	1	1	1	1	1	1	1	1	1	2	1	1	1	2	1	2	1	1	1	1	1	1	1	1	1	1	1	1	1	1	1	1	1	2	1	1	1	2	1	1	1	1	1	1	1	1	1	1	1	1	1	1	1
ACL0915_H01	Danckel	3.3755499	12.7342998	2	2	2	1	2	2	1	2	1	1	2	1	1	2	1	1	2	2	2	1	2	1	1	1	2	2	1	1	1	1	2	1	1	1	1	1	1	1	1	1	2	2	1	1	1	1	1	1	1	1	1	1	1	1	1	1	1	1	2	1	1	1	1	1	1	1	1	1	1	1	1	2	1	1	1	1	1	1	1	1	1	1	1	1	1	1	1
ACL0921_B06	Danckel	3.3717168	12.7325835	2	2	2	1	2	2	1	2	1	1	1	1	1	1	2	1	2	2	2	1	2	2	1	1	1	2	1	1	1	1	2	1	1	1	1	1	1	1	1	1	1	2	1	1	1	1	1	1	1	2	1	1	1	1	1	1	1	1	2	1	1	1	1	1	1	1	1	1	1	1	1	2	1	1	1	1	1	1	1	1	1	1	1	1	1	1	1
ACL0925_H06	Danckel	3.3702831	12.7313334	2	2	2	2	2	2	1	2	1	1	1	1	1	1	1	1	2	2	1	1	2	2	1	1	1	1	1	1	1	2	2	1	1	1	1	1	1	1	1	1	1	1	1	1	1	1	1	1	1	1	1	1	1	1	1	1	1	1	1	1	1	1	1	1	1	1	1	1	1	1	1	2	1	1	1	1	1	1	1	1	1	1	1	1	1	1	1
ACL0926_G05	Danckel	3.2410998	10.6043499	2	2	1	1	1	1	2	1	1	1	1	1	1	1	1	1	2	2	1	1	2	1	1	1	1	1	1	1	1	1	2	1	2	1	1	1	1	1	2	2	1	2	1	2	1	1	1	2	1	1	1	2	1	1	1	1	1	1	1	1	1	1	1	1	1	1	1	1	1	1	1	2	1	1	1	1	1	1	1	1	1	2	2	1	1	1	1
ACL0930_C11	Danckel	3.7834497	11.0608497	2	2	1	1	2	2	1	2	1	1	1	1	1	1	1	1	2	2	1	1	2	2	1	1	1	1	1	1	1	1	2	2	1	1	1	1	1	1	1	1	1	1	1	1	1	1	1	1	1	1	1	1	1	1	1	1	1	1	1	1	1	1	1	1	1	1	1	1	1	1	1	1	1	1	1	1	1	1	1	1	1	1	1	2	1	1	1
ACL0931_F07	Danckel	3.8423331	10.9488501	2	2	1	1	2	2	1	2	1	1	1	2	1	1	1	1	2	2	2	1	2	2	1	1	1	1	1	1	1	2	2	2	2	1	1	1	1	2	1	1	1	1	1	1	1	1	1	2	1	1	1	1	1	1	1	1	1	1	1	1	1	1	1	1	1	1	1	1	1	1	1	2	1	1	1	1	1	1	1	1	1	1	2	1	1	1	1
ACL0941_H05	Danckel	3.7960497	10.2032001	2	2	1	1	2	2	1	2	1	2	1	2	1	1	1	1	2	2	2	1	2	2	1	1	2	2	2	1	1	1	2	2	2	1	1	1	1	1	1	1	1	1	1	1	1	1	1	1	1	1	1	1	1	1	1	1	1	1	1	1	1	1	1	1	1	1	1	2	1	1	1	2	1	1	1	1	1	1	1	1	1	1	1	1	1	1	1
ACL0951_G02 	Danckel	3.7985832	10.2105171	2	2	1	1	1	1	1	2	1	1	1	1	1	1	1	1	2	1	1	1	2	2	1	1	1	1	1	1	1	1	2	1	1	1	1	1	1	1	1	1	1	1	1	2	1	1	2	1	1	1	1	1	1	1	1	1	1	1	1	1	1	1	1	1	1	1	1	1	1	1	1	2	1	1	1	1	1	1	1	1	1	1	1	1	1	1	1
ACL0956_B08	Danckel	3.9310002	10.0703169	2	2	1	1	1	2	1	2	1	1	1	1	2	1	2	1	2	2	2	2	2	2	1	1	1	1	1	1	1	1	2	2	1	1	1	1	1	1	1	1	1	1	1	1	1	1	1	1	1	1	1	1	1	1	1	1	1	1	1	1	1	1	1	1	1	1	1	1	1	1	1	2	1	1	1	1	1	2	1	1	1	1	2	1	1	1	1
ACL0961_D07 	Danckel	3.8620332	10.0753497	2	2	1	1	1	2	2	1	1	2	1	1	2	1	2	1	2	2	2	1	2	1	1	1	2	1	1	1	1	1	2	2	1	1	1	1	1	1	1	1	2	1	1	1	1	1	1	1	1	1	1	1	1	1	1	1	1	1	1	1	1	1	1	1	1	1	1	1	2	1	1	2	1	1	1	1	1	1	1	1	1	1	2	1	1	1	1
ACL0963_G03	Danckel	2.7316665	9.8744166	2	2	1	1	2	2	1	2	1	2	1	1	1	1	1	1	2	2	2	1	2	1	1	1	1	2	1	1	1	1	2	1	2	1	1	1	1	1	1	1	2	1	1	2	1	1	1	2	1	2	1	1	1	2	1	1	1	1	1	1	1	1	1	1	1	1	1	1	1	1	1	2	1	1	1	1	1	1	1	1	1	1	1	1	1	1	1
ACL0969_B10 	Danckel	2.72205	9.8746002	2	2	2	1	2	2	2	2	1	1	1	1	2	1	1	1	2	2	1	2	2	1	1	2	1	1	1	1	1	1	2	1	1	1	1	1	1	1	1	1	1	1	1	1	1	1	1	2	1	1	1	1	1	1	1	1	1	1	1	1	1	1	1	1	1	1	1	2	1	1	1	2	1	1	1	1	1	1	1	1	1	1	2	1	1	1	1
ACL0974_D03	Danckel	2.6956998	9.8641836	2	2	2	1	1	2	2	1	1	1	1	1	1	1	1	1	2	2	1	1	2	1	1	1	1	1	1	1	1	1	2	1	2	1	1	1	1	1	1	1	2	1	1	2	1	1	1	1	1	1	1	1	1	1	1	1	1	1	1	1	1	1	1	1	1	1	1	2	1	1	1	2	1	1	1	1	1	1	1	1	1	1	2	1	1	1	1
ACL0979_H02	Danckel	2.6566335	9.8642169	2	2	2	1	1	1	2	1	1	1	1	1	1	1	1	1	2	2	1	1	2	1	1	1	1	1	1	1	1	1	2	1	2	1	1	1	1	1	1	1	1	2	1	1	1	1	1	1	1	1	1	1	1	1	1	1	1	1	1	1	1	1	1	1	1	1	1	2	1	1	1	2	1	1	1	1	1	1	1	1	1	1	1	1	1	1	1
ACL0983_C01	Danckel	2.6550837	9.8658171	2	2	1	1	2	2	2	1	1	1	1	1	1	1	1	1	2	2	2	1	2	2	1	2	1	2	1	1	1	1	2	1	2	1	1	1	1	1	1	1	1	1	1	1	1	1	1	2	1	1	1	1	1	1	1	1	1	1	1	1	1	1	1	1	1	1	1	1	1	1	1	2	1	1	1	1	1	1	1	1	1	1	1	1	1	1	1
ACL0987_G04	Danckel	2.8039671	10.0345671	2	2	1	1	2	1	1	2	1	1	1	2	1	1	1	1	2	2	1	1	2	1	1	1	1	1	1	1	1	1	2	1	2	1	1	1	1	1	1	1	2	1	1	1	1	1	1	2	1	1	1	1	1	1	1	1	1	1	1	1	1	1	1	1	1	1	1	2	1	1	1	2	1	1	1	1	1	1	1	1	1	1	1	1	1	1	1
ACL0989_H10 	Danckel	2.8036998	10.0322829	2	2	1	1	1	2	1	2	1	1	1	1	1	1	1	1	2	2	2	1	2	1	1	1	1	1	1	1	1	2	2	1	2	1	1	1	1	1	1	1	2	2	1	1	1	1	1	2	1	1	1	1	1	1	1	1	1	1	1	1	1	1	1	1	1	1	1	1	1	1	1	2	1	1	1	1	1	1	1	1	1	1	1	1	1	1	1
ACL0992_F07	Danckel	2.8025829	10.0284336	2	2	1	1	1	2	2	1	1	1	1	1	2	1	2	1	2	2	1	2	2	2	1	1	1	1	1	1	1	2	2	1	2	1	1	1	1	1	1	1	2	1	1	1	1	1	1	1	1	1	1	1	1	1	1	1	1	1	1	1	1	1	1	1	1	1	1	2	1	1	1	2	1	1	1	1	1	1	1	1	1	1	1	1	1	1	1
ACL0994_D06	Danckel	2.8019169	10.0245168	2	2	1	1	1	1	1	2	1	1	1	2	1	1	1	1	2	2	2	1	2	2	1	1	1	1	1	1	2	1	2	1	2	1	1	1	1	1	1	1	2	2	1	1	1	1	1	1	1	2	1	1	1	1	1	1	1	1	1	1	1	1	1	1	1	1	1	2	1	1	1	2	1	1	1	1	1	1	1	1	1	1	1	1	1	1	1
ACL1003_B09	Danckel	2.7986166	10.0197837	2	2	1	1	2	2	1	2	1	1	1	1	1	2	1	1	2	2	2	1	2	1	1	1	1	1	1	1	1	1	2	1	2	1	1	1	2	1	1	1	2	1	1	2	1	1	1	1	1	1	1	1	2	1	1	2	1	1	1	1	1	2	1	1	1	1	1	2	2	1	1	2	1	1	1	1	1	1	1	1	1	1	2	1	1	1	1
ACL1004_G09	Danckel	2.8014498	10.0365165	2	2	1	1	1	2	1	2	1	1	1	1	1	1	1	1	2	2	2	1	2	2	1	1	1	2	1	1	1	1	2	1	2	1	1	1	1	1	1	1	2	1	1	1	1	1	1	1	1	2	1	1	1	1	1	1	1	1	1	1	1	1	1	1	1	1	1	2	1	1	1	2	1	1	1	1	1	1	1	1	1	1	1	1	1	1	1
ACL1008_F12	Danckel	2.8008171	10.0368	2	2	2	1	1	2	1	1	1	1	1	1	1	1	1	1	2	2	2	1	2	1	1	1	1	1	1	1	1	1	2	1	2	1	1	1	1	1	1	1	2	2	1	2	1	1	1	2	1	1	1	1	1	1	1	1	1	1	1	1	1	1	1	1	1	1	1	2	1	1	1	2	1	1	1	1	1	1	1	1	1	1	1	1	1	1	1
ACL1011_C03	Danckel	3.3037002	10.6489503	2	2	1	1	1	2	1	2	1	1	1	2	1	1	1	1	2	2	1	1	2	1	1	1	1	1	1	1	2	1	2	2	1	1	1	1	1	1	1	1	2	2	1	2	1	1	1	1	1	1	1	1	1	1	1	1	1	1	1	1	1	1	1	1	1	1	1	2	1	1	1	2	1	1	1	1	1	1	1	1	1	2	2	1	1	1	1
ACL4182_D12	Danckel	-1.1439999	10.5740001	2	2	1	2	2	1	1	2	1	1	1	1	1	1	1	1	2	2	2	1	1	1	1	1	2	2	1	1	1	1	2	1	1	1	1	1	1	1	2	1	1	2	1	1	1	1	2	2	1	1	1	1	1	1	1	1	1	1	1	1	1	1	1	1	1	1	1	1	1	1	1	1	1	1	1	1	1	1	1	1	1	2	1	1	1	1	1
ACL4206_C02	Danckel	0.3750003	10.2420999	2	2	1	1	1	1	1	2	1	1	1	1	1	1	1	1	2	2	1	1	2	2	1	1	1	1	1	1	1	1	2	1	1	1	1	1	1	1	1	1	1	2	1	1	1	1	1	1	1	1	1	1	1	2	1	1	1	1	1	1	1	1	1	1	1	1	1	2	1	1	1	2	1	1	1	1	1	1	1	1	1	1	1	1	1	1	1
ACL4300_B12 	Danckel	0.3069	12.4819002	2	2	1	1	1	2	1	2	1	2	1	1	1	1	1	1	2	2	1	1	2	2	1	1	1	2	1	1	1	1	2	1	1	1	1	1	1	1	1	1	1	1	1	1	1	1	1	2	1	1	1	1	1	1	1	1	1	1	1	1	1	1	1	1	1	1	1	1	1	1	1	2	1	1	1	1	1	1	1	1	1	1	1	1	1	1	1
ACL4435_C04	Danckel	-0.8179164	13.0749003	2	2	1	1	1	2	1	2	1	2	1	2	1	2	1	1	2	2	1	2	2	2	1	2	1	2	2	1	1	1	2	1	1	1	1	1	2	1	1	1	2	1	1	1	2	1	1	2	1	1	1	1	1	1	1	1	1	1	1	1	1	1	1	1	1	1	1	2	1	1	1	2	1	1	1	1	1	1	1	1	1	1	1	1	1	1	1
ACL4438_C09	Danckel	-0.8125002	13.0762503	2	2	1	1	1	2	1	2	1	2	1	1	1	1	2	1	1	2	1	1	2	2	1	1	1	2	2	1	1	1	2	1	1	2	1	1	2	1	1	1	2	1	1	1	1	1	1	2	1	1	1	1	1	1	1	1	1	1	1	1	1	1	1	1	1	1	1	1	1	1	1	2	1	1	1	2	1	1	1	1	1	1	1	1	1	1	1
ACL4439_E04	Danckel	-0.8125002	13.0762503	2	2	1	1	1	1	1	2	1	1	1	1	1	1	1	1	1	2	2	1	2	2	2	1	1	1	1	2	1	1	2	1	1	1	1	1	1	1	1	1	2	2	1	1	1	1	1	2	1	1	1	1	1	1	1	1	1	1	1	1	1	1	1	1	1	1	1	2	1	2	1	2	1	1	1	1	1	1	1	1	1	1	1	1	1	1	1
ACL4440_A06	Danckel	-0.8125002	13.0762503	2	2	1	1	1	1	1	2	2	1	2	1	1	2	1	1	1	2	1	1	2	2	1	1	1	2	1	1	1	1	2	1	1	1	1	1	1	1	1	1	2	2	1	1	1	1	1	2	1	1	1	1	1	1	1	1	1	1	1	1	1	1	1	1	1	1	1	2	1	1	1	2	1	1	1	1	1	1	1	1	1	1	1	1	1	1	1
ACL1019_F10	Lieb	-1.0624329	10.999233	2	2	1	2	1	1	1	2	1	1	1	1	1	1	1	1	2	2	2	1	1	1	1	2	2	2	1	1	1	1	2	1	1	1	1	1	1	2	1	1	1	1	1	1	1	1	1	1	1	1	1	1	2	1	1	1	1	1	1	2	1	1	1	1	1	1	1	2	1	1	1	1	1	1	1	1	1	1	1	1	1	1	1	1	1	1	1
ACL1023_F04	Lieb	-1.0670337	11.0024667	2	2	1	2	1	1	1	2	1	1	1	1	1	1	1	1	1	2	2	1	1	1	1	1	1	2	1	1	1	1	2	2	2	1	1	1	1	2	1	1	2	1	1	1	1	1	1	2	1	1	1	1	2	1	1	1	1	1	1	1	1	1	1	1	1	1	1	2	1	1	1	1	1	1	1	1	1	1	1	1	1	1	1	1	1	1	1
ACL1026_B07	Lieb	-1.1241666	11.1348171	2	2	2	2	1	1	1	2	1	1	1	1	1	1	1	1	2	2	2	1	1	1	1	1	2	2	1	1	1	1	2	2	2	1	1	1	1	2	1	1	1	1	1	2	1	1	1	1	1	1	1	1	1	1	1	1	1	1	1	1	1	1	1	1	1	1	1	1	1	1	1	1	1	1	1	1	1	1	1	1	1	1	1	1	1	1	1
ACL1029_C08	Lieb	-1.1273832	11.1350835	2	2	2	2	1	1	1	2	1	2	1	1	2	1	1	1	2	2	1	1	1	1	1	2	2	1	2	1	1	1	2	2	1	1	1	1	1	2	1	1	1	1	1	1	1	1	1	2	1	1	1	1	2	1	1	1	1	1	1	1	1	1	1	1	1	1	1	1	1	1	1	1	1	1	1	1	1	1	1	1	1	1	1	1	1	1	1
ACL1034_G10 	Lieb	-1.0172997	11.2699998	2	2	1	2	1	1	1	2	1	1	1	1	1	1	1	1	2	2	2	1	1	1	1	1	2	2	1	1	1	1	2	2	1	1	1	1	1	2	1	1	1	1	1	2	1	1	1	2	1	1	1	1	1	1	1	1	1	1	1	1	1	1	1	1	1	1	1	1	1	1	1	1	1	1	1	1	1	1	1	1	1	1	1	1	1	1	1
ACL1035_H06	Lieb	-1.0302336	11.2847832	2	2	1	2	1	1	1	1	1	2	1	1	1	1	1	1	2	2	2	1	1	1	1	1	1	2	1	1	1	1	2	2	1	1	1	1	1	2	1	1	1	1	1	2	1	1	1	1	1	1	1	1	2	1	1	1	1	1	1	1	1	1	1	1	1	1	1	1	1	1	1	1	1	1	1	1	1	1	1	1	1	1	1	1	1	1	1
ACL1040_D02	Lieb	-1.038483	11.2853502	2	2	1	2	1	1	1	2	1	1	1	1	2	2	2	1	1	2	2	1	1	2	1	1	2	1	1	1	1	2	2	2	1	1	1	1	1	2	1	1	2	1	1	1	1	1	1	2	1	1	1	1	2	1	1	1	1	1	1	1	1	1	1	1	1	1	1	1	2	1	1	1	1	1	1	1	1	1	1	1	1	1	1	1	1	1	1
ACL1043_D11	Lieb	0.8556165	13.5528669	1	2	1	2	2	2	1	2	1	2	1	1	1	1	1	1	2	2	1	1	2	2	1	1	1	1	1	1	1	1	2	1	1	1	1	1	1	1	1	1	2	1	1	1	1	1	1	1	1	1	1	1	1	1	1	1	1	1	1	1	1	1	1	1	1	1	1	2	1	1	1	2	1	1	1	1	1	1	1	1	1	1	1	1	1	1	1
ACL1045Ext8_G07	Lieb	0.8618166	13.5509166	2	2	1	1	1	1	1	2	1	1	1	1	1	1	1	1	2	2	1	1	2	2	1	1	1	1	1	1	1	1	2	1	1	1	1	1	1	1	1	1	1	1	1	1	1	1	1	1	1	1	1	1	1	1	1	1	1	1	1	1	1	1	1	1	1	1	1	1	1	1	1	2	1	1	1	1	1	1	1	1	1	1	1	1	1	1	1
ACL1047Ext8_A05	Lieb	0.099783	13.7101167	2	2	1	2	1	1	1	2	1	1	2	1	1	1	2	1	2	2	1	1	2	1	1	1	2	1	1	1	1	2	2	1	1	1	1	1	1	1	1	1	1	1	1	1	1	1	1	2	1	1	1	1	1	1	1	1	1	1	1	1	1	1	1	1	1	1	1	1	1	1	1	2	1	1	1	1	1	1	1	1	1	1	1	1	1	1	1
ACL1049_D07 	Lieb	0.0971163	13.7103498	2	2	2	1	2	2	1	2	1	1	1	1	1	1	1	1	1	2	1	1	1	1	1	1	1	1	1	1	1	1	1	1	1	1	1	1	1	1	1	1	1	1	1	1	1	1	1	1	1	1	1	1	1	1	1	1	1	1	1	1	1	1	1	1	1	1	1	2	1	1	1	1	1	1	1	1	1	1	1	1	1	1	1	1	1	1	1
ACL1051_G02	Lieb	0.0987669	13.7099331	2	2	1	1	2	1	1	2	1	2	1	1	1	1	1	1	2	2	1	1	2	2	1	1	1	1	1	1	1	1	2	1	1	1	1	1	1	1	1	1	1	1	1	1	1	1	1	2	1	1	1	1	1	1	1	1	1	1	1	1	1	1	1	1	1	1	1	2	1	1	1	2	1	1	1	1	1	1	1	1	1	1	1	1	1	1	1
ACL1052_E08	Lieb	-1.0249002	11.2838832	2	2	1	2	1	1	1	2	1	2	1	1	1	1	1	1	2	2	2	1	1	1	1	1	2	1	1	1	1	1	2	2	1	1	1	1	1	2	1	1	1	1	1	1	1	1	1	1	1	1	1	1	2	1	1	1	1	1	1	1	1	1	1	1	1	1	1	2	1	1	1	1	1	1	1	1	1	1	1	1	1	1	1	1	1	1	1
ACL1053_H03 	Lieb	0.8621829	13.5183663	1	2	1	2	1	2	2	2	2	1	1	1	1	1	1	2	1	1	1	1	2	1	1	1	1	1	1	2	1	1	2	1	1	1	1	1	1	1	1	2	1	1	1	1	1	1	1	1	1	1	1	1	1	1	1	1	1	1	1	1	1	1	1	1	1	1	2	1	1	1	1	1	1	1	1	1	1	1	1	1	1	1	1	1	1	1	1
ACL1055_A10	Lieb	0.8654832	13.519233	2	2	1	1	2	2	1	1	1	2	1	1	1	1	1	2	2	2	2	1	1	2	1	1	2	1	1	1	2	1	2	1	1	1	1	1	1	1	2	2	2	1	1	2	1	1	1	1	1	1	1	1	1	1	1	1	1	1	1	1	1	1	1	1	1	1	1	1	1	1	1	2	1	1	1	1	1	1	1	1	1	1	1	1	1	1	1
ACL1056_F01 	Lieb	1.0027836	13.195917	2	2	1	1	1	2	1	2	1	2	1	1	2	2	1	1	2	2	1	1	2	2	1	1	1	2	1	1	1	1	2	1	1	1	1	1	1	1	1	1	2	1	1	2	1	1	1	1	1	1	1	2	1	1	1	1	1	1	1	1	1	1	1	1	1	1	1	1	1	1	1	2	1	1	1	1	1	1	1	1	1	1	1	1	1	1	1
ACL1058_H03	Lieb	0.2222496	13.501017	2	2	1	2	1	2	1	2	1	2	1	1	1	1	1	2	2	2	1	1	1	2	1	1	1	1	1	1	1	1	2	1	1	1	1	1	1	1	1	1	1	1	1	1	1	1	1	1	1	1	1	1	1	1	1	1	1	1	1	1	1	1	1	1	1	1	1	1	1	1	1	1	1	1	1	1	1	1	1	1	1	1	1	1	1	1	1
ACL1060_C12 	Lieb	0.2171835	13.4937999	2	1	2	1	2	1	1	2	1	1	1	1	1	2	1	1	2	1	1	1	2	2	1	1	1	1	1	1	1	1	2	1	1	1	1	1	1	1	1	1	1	1	1	1	1	1	1	1	1	1	1	1	1	1	1	1	1	1	1	1	1	1	1	1	1	1	1	1	1	1	1	1	1	1	1	1	2	1	1	1	1	1	1	1	1	1	1
ACL1063_G09	Lieb	0.8639001	13.5511335	2	1	1	1	2	1	1	2	1	1	1	1	1	1	2	1	2	2	1	1	2	2	1	1	1	1	1	1	1	1	2	1	1	2	1	1	1	1	1	1	1	1	1	1	1	1	1	2	1	1	1	1	1	1	1	1	1	1	1	1	1	1	1	1	1	1	1	2	1	1	1	2	1	1	1	1	1	1	1	1	1	1	1	1	1	1	1
ACL1064_D05	Lieb	0.8654337	13.5510165	1	2	1	1	1	2	2	2	2	1	1	1	1	1	2	2	1	1	1	2	2	1	1	1	1	2	1	1	1	2	1	1	1	1	1	2	1	1	1	2	1	1	2	1	1	1	1	1	1	1	1	1	1	1	1	1	1	1	1	1	1	1	1	1	1	1	1	1	1	1	1	1	1	1	1	1	1	1	1	1	1	1	1	1	1	1	1
ACL1066_E05	Lieb	-1.0113336	11.2748832	2	2	1	2	1	1	1	2	1	1	1	1	1	1	2	1	1	2	2	1	1	1	1	1	2	1	1	1	1	1	2	2	1	1	1	1	1	1	1	1	1	1	1	2	1	1	1	1	1	1	1	1	1	1	1	1	1	1	1	2	1	1	1	1	1	1	1	1	1	1	1	1	1	1	1	1	1	1	1	1	1	1	1	1	1	1	1
ACL1071_B11	Lieb	-0.9509337	11.2533165	2	2	1	2	1	1	1	2	1	2	1	1	1	1	1	1	2	2	2	1	1	1	1	1	2	2	1	1	1	2	2	2	1	1	1	1	1	2	1	1	1	1	1	1	1	1	1	1	1	1	1	1	2	1	1	1	1	1	1	1	1	1	1	1	1	1	1	2	1	1	1	1	1	1	1	1	1	1	1	1	1	1	1	1	1	1	1
ACL1077_B03	Lieb	-1.0570671	11.427183	2	2	1	1	1	1	1	2	1	1	1	1	1	1	1	1	1	2	2	1	1	1	1	1	2	1	1	1	1	1	2	1	1	1	1	1	1	1	1	1	1	1	1	1	1	1	1	1	1	1	1	1	2	1	1	1	1	1	1	2	1	1	1	1	1	1	1	1	1	1	1	1	1	1	1	1	1	1	1	1	1	1	1	1	1	1	1
ACL1081_D02	Lieb	-1.1332665	11.4758496	2	2	1	2	2	1	1	2	2	2	1	1	1	2	1	1	1	2	2	1	1	2	2	1	1	2	2	1	2	1	2	2	1	1	2	1	1	1	1	1	2	1	1	1	1	1	1	1	1	1	1	1	2	1	1	1	1	1	1	1	1	1	1	1	1	1	1	1	1	1	1	1	1	1	1	1	1	1	1	1	1	1	1	1	1	1	1
ACL1084_H01	Lieb	-1.1514501	11.4876	2	2	1	1	1	2	2	1	1	1	1	1	1	1	2	1	1	1	2	1	2	1	1	2	1	1	1	1	1	1	1	1	1	2	1	1	1	1	1	2	1	1	1	1	2	1	1	1	1	1	1	1	1	1	1	1	1	1	1	1	1	1	1	1	1	1	2	1	1	1	1	2	1	1	1	1	1	1	1	1	1	1	1	1	1	1	1
ACL1088_F11	Lieb	-0.6694002	10.2260169	2	2	1	2	1	1	1	2	1	1	1	1	1	1	2	1	1	2	2	1	2	1	1	1	1	1	1	1	1	1	1	1	1	1	1	1	1	1	1	1	1	1	1	1	1	1	1	2	1	1	1	2	2	1	1	1	1	1	1	1	1	1	1	2	1	1	1	1	1	1	1	1	1	1	1	1	1	1	1	1	1	1	1	1	1	1	1
ACL1090_D06	Lieb	-1.8116001	11.0416167	2	2	1	2	1	1	1	2	1	1	1	1	1	1	2	1	2	2	2	1	1	1	1	1	1	2	1	1	1	1	2	2	1	1	1	1	1	2	1	1	1	2	1	1	1	1	1	1	1	1	1	1	2	1	1	1	1	1	1	1	1	1	1	1	1	1	1	2	1	1	1	1	1	1	1	1	1	1	1	1	1	1	1	1	1	1	1
ACL1092_A07	Lieb	-1.7963334	11.0458998	2	2	1	2	1	2	2	2	1	1	1	1	1	1	1	1	2	2	2	2	1	1	1	1	2	1	1	2	2	1	2	2	1	1	2	1	2	2	1	1	1	2	1	2	1	1	1	1	1	1	1	1	2	1	1	1	1	1	1	1	1	1	1	1	1	1	1	1	1	1	1	2	1	1	1	1	1	1	1	1	1	1	1	1	1	1	1
ACL1093_F10	Lieb	-1.8232164	11.0431836	2	2	1	2	2	1	1	2	1	2	1	1	1	1	1	1	1	2	2	1	1	2	2	1	2	2	2	1	1	1	2	2	2	1	2	1	1	2	2	1	1	1	1	2	1	1	1	1	1	1	1	1	2	1	1	1	1	1	1	1	1	1	1	1	1	1	1	1	1	1	1	1	1	1	1	1	1	1	1	1	1	1	1	1	1	1	1
ACL1094_D12	Lieb	-1.8262665	11.0447334	2	2	1	2	1	1	1	2	1	1	1	1	1	1	1	1	2	2	1	2	1	1	1	1	2	1	1	1	1	1	2	2	1	1	1	1	1	2	1	1	1	1	1	1	1	1	1	1	1	1	1	1	2	1	1	1	1	1	1	1	1	1	1	1	1	1	1	1	1	1	1	1	1	1	1	1	1	1	1	1	1	1	1	1	1	1	1
ACL1097_A06	Lieb	-2.5567335	10.7319168	2	2	1	1	1	2	1	2	1	1	1	1	1	1	2	1	1	2	2	1	1	2	1	1	2	1	1	1	1	1	1	2	1	1	1	1	1	2	1	1	1	1	1	1	1	1	1	1	1	1	1	2	1	1	1	1	1	1	1	2	1	1	1	1	1	1	1	2	1	1	1	1	1	1	1	1	1	1	1	1	1	1	1	1	1	1	1
ACL1102_H08	Lieb	-2.5448166	10.7546166	2	2	2	1	1	1	1	2	1	2	1	1	1	1	1	1	2	2	2	1	1	2	1	1	2	1	1	2	1	1	2	2	1	1	1	1	1	2	1	1	1	1	1	1	1	1	1	1	1	1	1	1	1	1	1	1	1	1	1	2	1	1	1	1	1	1	1	2	1	1	1	1	1	1	1	1	1	1	1	1	1	1	1	1	1	1	1
ACL1105_G05 	Lieb	-2.5429329	10.7565165	2	2	2	1	1	1	1	2	1	1	1	1	1	1	1	1	2	2	2	1	1	2	1	1	2	2	2	1	1	1	2	2	1	1	1	1	1	2	1	1	1	1	1	1	1	1	1	1	1	1	1	2	1	1	1	1	1	1	1	2	1	1	1	1	1	1	1	2	1	1	1	1	1	1	1	1	1	1	1	1	1	1	1	1	1	1	1
ACL1109_H07	Lieb	-2.5482834	10.7456337	2	2	2	2	2	2	1	2	1	1	1	1	1	1	1	1	2	2	1	1	1	2	2	1	2	1	1	1	1	1	2	2	1	1	1	2	1	2	1	1	1	1	1	1	1	1	1	1	1	1	1	1	1	1	1	1	1	1	2	2	1	1	1	1	1	1	1	2	1	1	1	1	1	1	1	1	1	1	1	1	1	1	1	1	1	1	1
ACL1112_D12	Lieb	-2.3282163	10.5957666	2	2	1	2	1	1	1	2	1	1	1	1	1	1	1	1	2	2	2	1	1	1	1	1	2	1	1	1	1	1	2	2	1	1	1	1	1	2	1	1	1	1	1	1	1	1	1	1	1	2	1	1	1	1	1	1	1	1	1	1	1	1	1	1	1	1	1	2	1	1	1	1	1	1	1	1	1	1	1	1	1	1	1	1	1	1	1
ACL1116_D11	Lieb	-2.3172003	10.5910002	2	2	1	2	1	1	1	2	1	1	1	1	1	1	1	1	1	2	2	1	1	1	1	1	2	1	1	1	1	1	2	2	1	1	1	1	1	2	1	1	1	1	1	1	1	1	1	1	1	2	1	1	1	1	1	1	1	1	1	1	1	1	1	1	1	1	1	2	1	1	1	1	1	1	1	1	1	1	1	1	1	1	1	1	1	1	1
ACL1117_F09	Lieb	-2.3191002	10.5891003	2	2	1	1	1	1	1	2	1	1	1	1	1	1	1	1	2	2	2	1	1	2	1	1	2	1	1	1	1	1	2	2	1	1	1	1	1	2	1	1	1	1	1	1	1	1	1	2	1	1	1	1	1	1	1	1	1	1	1	1	1	1	1	1	1	1	1	2	1	1	1	1	1	1	1	1	1	1	1	1	1	1	1	1	1	1	1
ACL1118_A11	Lieb	-2.3299668	10.6059996	2	2	2	1	1	1	1	2	1	1	1	1	1	2	1	1	2	2	2	1	1	1	2	1	2	1	1	1	1	1	2	2	1	1	1	1	1	2	1	1	1	1	1	1	1	1	1	2	1	2	1	1	1	1	1	1	1	1	1	1	1	1	1	1	1	1	1	2	1	1	1	2	1	1	1	1	1	2	1	1	1	1	1	1	1	1	1
ACL1120_B02	Lieb	-2.3327496	10.609983	2	2	1	1	1	1	1	2	1	1	1	2	1	1	1	1	1	2	2	1	2	1	1	1	2	1	2	1	1	1	2	2	1	1	1	1	1	2	1	1	1	1	1	2	1	1	1	1	2	2	1	1	1	1	1	1	1	1	1	1	1	1	1	1	1	1	1	2	1	1	1	1	1	1	1	1	1	1	1	1	1	1	1	1	1	1	1
ACL1122_E12	Lieb	-2.3326002	10.609083	2	2	1	1	1	1	1	2	2	1	1	1	1	1	1	1	1	2	2	1	1	1	1	1	2	1	1	1	1	1	2	2	1	1	1	1	1	2	1	1	1	1	1	1	1	1	1	1	1	2	1	1	1	1	1	1	1	1	1	1	1	1	1	1	1	1	1	2	1	1	1	1	1	1	1	1	1	1	1	1	1	1	1	1	1	1	1
ACL1123_C11	Lieb	-1.6921332	10.3570002	1	2	1	2	1	1	1	2	1	2	1	1	1	1	1	1	1	2	2	1	2	1	1	1	2	1	1	1	1	1	2	2	1	1	1	1	1	1	2	1	1	1	1	1	1	1	1	1	2	1	1	1	2	1	1	1	1	1	1	1	1	1	1	1	1	1	1	2	1	1	1	1	1	1	1	1	1	1	1	1	1	1	1	1	1	1	1
ACL1124_C03	Lieb	-1.6704837	10.3454496	2	2	2	1	2	1	1	2	1	2	1	1	1	1	2	1	1	2	2	2	2	1	1	1	2	2	2	1	1	1	2	2	1	1	2	1	1	2	1	1	1	1	1	2	1	1	1	1	1	1	1	1	2	1	1	1	1	1	1	1	1	1	1	1	1	1	1	1	1	1	1	1	1	1	1	1	1	1	1	1	1	2	1	1	1	1	1
ACL1125_F08	Lieb	-1.659267	10.337733	2	2	2	2	1	2	1	2	1	1	1	1	1	1	1	1	2	2	2	1	1	2	1	1	2	1	1	2	1	1	2	2	1	1	1	1	2	2	1	1	1	1	1	1	1	1	1	2	2	1	1	1	2	1	1	1	1	1	1	2	1	1	1	1	1	1	1	2	1	1	1	1	1	1	1	1	1	1	1	1	1	1	1	1	1	1	1
ACL1126_B12	Lieb	-1.660167	10.3368663	2	2	1	2	2	1	1	2	1	2	1	1	1	1	1	1	2	2	2	1	1	1	1	1	2	1	2	1	1	1	2	2	1	1	1	1	1	2	1	1	1	1	1	1	1	1	1	1	1	1	1	1	2	1	1	1	1	1	1	1	1	1	1	1	1	1	1	1	1	1	1	1	1	1	1	1	1	1	1	1	1	1	1	1	1	1	1
ACL1127_C05	Lieb	-1.7313498	10.3944663	2	2	1	2	1	1	1	2	1	1	1	1	1	1	1	1	1	2	2	1	1	1	1	1	2	2	1	1	1	1	2	2	1	1	1	1	1	2	2	1	2	1	1	2	1	1	1	1	1	1	1	1	2	1	1	1	1	1	1	1	1	1	1	1	1	1	1	2	1	1	1	1	1	1	1	1	1	1	1	1	1	1	1	1	1	1	1
ACL1128_D01	Lieb	-1.2363165	10.5825168	1	1	1	1	1	1	2	1	2	1	1	1	1	1	1	2	1	1	1	1	2	1	1	1	1	1	1	1	1	1	1	1	1	1	1	1	1	1	1	1	1	1	1	1	2	1	1	1	1	1	1	1	1	1	1	1	1	1	1	1	1	1	1	1	1	1	2	1	1	1	1	2	2	1	1	1	1	1	1	1	1	1	1	1	1	1	1
ACL1129_H02	Lieb	-0.8170668	10.3679667	2	2	2	1	1	1	1	1	1	2	1	1	1	1	1	1	2	2	2	1	1	1	1	2	2	1	1	1	1	1	2	1	1	1	1	1	1	2	1	1	1	1	1	1	1	2	1	2	1	2	1	1	2	1	1	1	1	1	1	2	1	1	1	1	2	1	2	1	1	1	2	1	1	1	1	1	1	1	1	1	1	1	1	1	1	1	1
ACL1130_D09	Lieb	-0.6213501	10.2348171	2	2	2	2	1	1	1	2	1	1	1	1	1	1	2	1	2	2	2	1	2	1	1	1	2	1	1	1	1	1	2	1	1	1	1	1	1	2	1	1	1	1	1	1	1	1	1	2	1	1	1	1	2	1	1	1	1	1	1	1	1	1	1	1	1	1	1	2	1	1	1	1	1	1	1	1	1	2	1	1	2	1	1	1	1	1	1
ACL1132_E03	Lieb	-0.6180669	10.2459168	2	2	2	1	1	1	1	2	1	2	1	1	1	1	1	1	2	2	2	1	1	1	1	1	2	2	2	1	1	1	2	1	1	1	1	1	1	1	1	1	2	1	1	1	1	1	1	2	1	1	1	1	2	1	1	1	1	1	1	1	1	1	1	1	1	1	1	2	1	1	1	1	1	1	1	1	1	1	1	1	1	1	1	1	1	1	1
ACL1135_A02	Lieb	-0.6183666	10.2501999	2	2	1	2	1	1	1	2	1	2	1	1	2	1	1	1	2	2	2	1	1	1	1	1	2	2	1	1	1	1	2	2	1	1	1	1	1	2	1	1	1	2	1	2	1	1	1	1	1	1	1	1	1	1	1	1	1	1	1	1	1	1	1	1	1	1	1	2	1	1	1	1	1	1	1	1	1	1	1	1	1	1	1	1	1	1	1
ACL1137_G01	Lieb	-0.6184332	10.2490668	2	2	2	1	1	1	1	2	2	1	2	1	1	1	1	1	2	2	2	1	1	1	1	1	2	1	1	1	1	1	2	1	1	1	2	1	1	2	1	1	1	1	1	1	1	1	1	1	2	1	1	1	2	1	1	1	1	1	1	1	1	1	1	1	1	1	1	2	1	1	1	1	1	1	1	1	1	1	1	1	1	1	1	1	1	1	1
ACL1139_B04 	Lieb	0.6082497	11.2155003	2	2	2	1	1	1	1	2	1	1	1	1	1	1	2	1	2	2	2	1	2	1	1	1	1	1	1	1	1	1	2	2	1	1	1	1	1	2	1	1	1	1	1	1	1	1	1	1	1	2	1	1	2	1	1	1	1	1	1	1	1	1	1	1	1	1	1	1	1	1	1	1	1	1	1	1	1	1	1	1	1	1	1	1	1	1	1
ACL1143_A09	Lieb	0.6055668	11.214117	2	2	1	2	1	1	1	1	1	1	1	1	1	1	1	1	2	2	2	1	2	1	1	2	1	2	1	1	1	1	2	2	1	1	1	1	1	1	1	1	1	1	1	1	1	1	1	2	1	1	1	1	1	1	1	1	1	1	1	1	1	1	1	1	1	1	1	1	1	1	1	1	1	1	1	1	1	1	1	1	1	1	1	1	1	1	1
ACL1148_D12	Lieb	0.6113169	11.21445	2	2	2	2	1	1	1	2	1	1	1	1	2	1	1	1	2	2	2	1	2	1	1	1	2	2	1	1	1	1	2	1	1	1	2	1	1	2	1	1	1	1	1	1	1	2	1	2	1	1	1	1	2	1	1	1	1	1	1	1	1	1	1	1	1	1	1	1	1	1	1	1	1	1	1	1	1	1	1	1	1	1	1	1	1	1	1
ACL1151_F12	Lieb	0.5740497	11.2537332	2	2	1	2	1	2	1	2	2	1	1	1	1	1	1	1	1	2	2	1	1	1	1	1	2	2	1	1	1	1	2	1	1	1	2	1	1	2	1	1	1	1	1	1	1	1	1	2	1	1	1	1	2	1	1	1	1	1	1	1	1	1	1	1	1	1	1	1	1	1	1	1	1	1	1	1	1	1	1	1	1	1	1	1	1	1	1
ACL1156_G12	Lieb	0.5673168	11.2563	2	2	1	2	2	2	1	2	1	2	1	1	1	1	1	2	1	2	2	1	1	2	1	1	2	2	2	1	1	1	2	1	1	1	1	1	1	2	2	1	1	2	1	1	1	1	2	2	1	1	1	1	2	1	1	1	1	1	1	1	1	1	1	1	1	1	1	1	1	1	1	1	1	1	1	1	1	1	1	1	1	1	1	1	1	1	1
ACL1158_G06	Lieb	0.5678001	11.2584168	2	2	1	1	1	1	1	2	1	2	1	1	1	1	2	1	2	2	1	1	1	1	1	1	2	1	1	1	1	1	2	1	1	1	1	1	1	2	1	1	1	1	1	1	1	1	1	2	1	1	1	1	2	1	1	1	1	1	1	1	1	1	1	1	1	1	1	1	1	1	1	1	1	1	1	1	1	1	1	1	1	1	1	1	1	1	1
ACL1160_G06	Lieb	0.5957829	11.206917	2	2	1	2	1	1	1	2	2	1	1	1	2	1	2	1	2	2	1	1	1	1	1	1	2	2	1	1	1	1	2	1	1	1	1	1	1	1	1	1	1	1	1	1	1	1	1	1	1	1	1	1	2	1	1	1	1	1	1	1	1	1	1	1	1	1	1	1	1	1	1	1	1	1	1	1	1	1	1	1	1	1	1	1	1	1	1
ACL1162_B05	Lieb	0.6029334	11.1997332	2	2	2	2	1	1	1	2	1	1	1	1	1	1	1	1	2	2	2	1	1	1	1	1	2	2	2	1	1	1	2	1	1	1	1	1	1	2	1	1	1	1	1	1	1	1	1	1	1	2	1	1	2	1	1	1	1	1	1	1	1	1	1	1	1	1	1	1	1	1	1	1	1	1	1	1	1	1	1	1	1	1	1	1	1	1	1
ACL1166_G03	Lieb	0.5999499	11.1967164	2	2	1	2	1	1	1	2	1	1	1	1	1	1	1	1	2	2	2	1	1	1	1	1	2	1	1	1	1	1	2	1	1	1	1	1	1	2	1	1	2	1	1	1	1	1	1	2	1	1	1	1	2	1	1	1	1	1	1	1	1	1	1	1	1	1	1	2	1	1	1	1	1	1	1	1	1	1	1	1	1	1	1	1	1	1	1
ACL1170_A12	Lieb	0.5985504	11.2069836	2	2	1	2	1	1	1	2	1	2	1	1	1	1	1	1	2	2	2	1	1	1	1	1	2	2	1	1	1	1	2	1	1	1	1	1	1	1	2	1	1	1	1	1	1	1	1	1	1	1	1	1	1	1	1	1	1	1	1	1	1	1	1	1	1	1	1	1	1	1	1	1	1	1	1	1	1	1	1	1	1	1	1	1	1	1	1
ACL1172_G12	Lieb	0.5969331	11.2046832	2	2	1	2	1	1	1	2	1	1	1	1	2	1	1	1	1	2	2	1	1	1	1	1	2	1	1	1	1	1	2	2	1	1	1	1	1	2	1	1	1	1	1	1	1	1	1	1	1	1	1	1	2	1	1	1	1	1	1	1	1	1	1	1	1	1	1	2	1	1	1	1	1	1	1	1	1	1	1	1	1	1	1	1	1	1	1
ACL1176_B10	Lieb	0.5614335	11.1131829	2	2	1	2	1	1	1	2	1	1	1	1	2	1	1	1	2	2	2	1	1	1	1	1	2	2	1	1	1	1	2	1	1	1	2	1	1	2	1	1	1	1	1	2	1	1	1	1	1	1	1	1	1	1	1	1	1	1	1	1	1	1	1	1	1	1	1	2	1	1	1	1	1	1	1	1	1	1	1	1	1	1	1	1	1	1	1
ACL1181_D03 	Lieb	0.5613165	11.1102669	2	2	1	2	1	1	1	2	1	1	1	1	2	1	1	1	2	2	2	1	1	1	1	1	2	2	2	1	1	1	2	2	1	1	1	2	1	2	1	1	1	1	1	1	1	1	1	2	1	1	1	1	2	1	1	1	1	1	1	1	1	1	1	1	1	1	1	1	1	1	1	1	1	1	1	1	1	1	1	1	1	1	1	1	1	1	1
ACL1186_G08	Lieb	0.5326335	11.1401667	2	2	1	2	1	1	1	2	1	2	1	2	1	1	1	1	2	2	1	1	2	1	1	1	1	2	1	1	1	1	2	1	1	1	1	1	1	2	1	1	1	1	1	2	1	2	1	2	1	1	1	1	2	1	1	1	1	1	1	1	1	1	1	1	1	1	1	2	1	1	1	1	1	1	1	1	1	1	1	1	1	1	1	1	1	1	1
ACL1189_E06 	Lieb	0.5259996	11.1426831	2	2	1	2	1	1	1	2	1	1	1	1	1	1	1	1	2	2	2	1	1	1	1	1	2	2	2	1	1	1	2	2	1	1	2	1	1	2	1	1	1	2	1	1	1	1	1	2	1	1	1	1	2	1	1	1	1	1	1	1	1	1	1	1	1	1	1	1	1	1	1	1	1	1	1	1	1	1	1	1	1	1	1	1	1	1	1
ACL1192_C10	Lieb	-0.1537002	10.7399835	2	2	1	2	1	1	1	2	1	1	1	1	1	1	1	1	1	2	2	1	1	1	1	1	1	2	1	1	1	1	2	1	1	1	1	1	1	2	1	2	1	1	1	2	1	1	1	1	1	1	1	1	2	1	1	1	1	1	1	1	1	1	1	1	1	1	1	1	1	1	1	1	1	1	1	1	1	1	1	1	1	1	1	1	1	1	1
ACL1194_C08	Lieb	-0.1530504	10.7399835	2	2	1	1	1	2	1	2	1	1	1	1	1	1	2	1	2	2	2	1	1	1	1	1	2	1	1	1	1	1	2	2	1	1	1	1	1	1	1	1	1	1	1	1	1	1	1	2	1	1	1	1	2	1	1	1	1	1	1	2	1	1	1	1	1	1	1	2	1	1	1	1	1	1	1	1	1	1	1	1	1	1	1	1	1	1	1
ACL1198_E07	Lieb	-0.150417	10.7342163	2	2	1	1	1	1	1	2	1	1	1	1	1	1	2	1	2	2	2	1	1	1	1	1	2	2	1	1	1	1	2	2	1	1	1	1	1	2	1	1	1	1	1	1	1	1	1	1	1	1	1	1	1	1	1	1	1	1	1	1	1	1	1	1	1	1	1	1	1	1	1	1	1	1	1	1	1	1	1	1	1	1	1	1	1	1	1
ACL1203_D10	Lieb	-0.1682001	12.4998498	2	2	2	2	1	1	1	2	1	2	1	1	1	1	2	1	2	2	2	1	2	1	1	1	1	2	1	1	1	1	2	1	1	2	1	1	1	2	1	1	1	1	1	1	1	1	1	2	1	1	1	1	2	1	2	1	1	1	1	1	1	1	1	2	1	1	1	2	1	1	1	1	1	1	1	1	1	1	1	1	1	1	1	1	1	1	1
ACL1205Ext8_F03	Lieb	0.4535496	10.1791332	2	1	2	2	2	2	2	2	1	2	1	1	2	1	2	1	2	1	2	1	1	1	1	1	1	2	1	1	1	1	1	1	1	1	1	2	1	1	1	1	1	1	1	1	1	1	1	1	1	1	1	1	1	1	1	1	1	1	1	1	1	1	1	1	1	1	1	1	1	1	1	1	1	1	1	1	1	1	1	1	1	1	1	1	1	1	1
ACL1210_E09 	Lieb	0.4558329	10.1765835	2	1	2	1	1	1	1	1	1	1	1	1	1	1	2	1	2	2	1	1	1	1	2	1	1	1	1	1	1	1	1	1	1	2	1	1	1	1	1	1	1	1	1	1	1	1	1	1	1	1	1	1	2	1	1	1	1	1	1	1	1	1	1	1	1	1	2	1	1	1	1	1	1	1	1	1	1	1	1	1	1	1	1	1	1	1	1
ACL1212_E06	Lieb	0.4564332	10.1758167	2	2	1	2	1	1	2	2	1	1	1	1	1	1	1	1	2	1	1	1	1	1	1	1	2	1	1	1	1	1	2	1	1	1	1	1	1	2	1	1	1	1	1	1	1	1	1	1	1	1	2	1	1	1	1	1	1	1	1	1	1	1	1	1	1	1	1	1	1	1	1	1	1	1	1	1	1	1	1	1	1	1	1	1	1	1	1
ACL1214_H11	Lieb	0.4952331	11.1774996	1	2	1	2	2	1	1	2	1	2	1	1	2	1	1	1	2	2	1	1	1	2	1	1	2	2	1	1	1	1	2	2	1	1	1	1	1	1	1	1	1	1	2	1	1	1	2	1	1	1	1	1	1	1	1	1	1	1	1	1	1	1	1	1	1	1	1	2	1	1	1	1	1	1	1	1	1	1	1	1	1	1	1	1	1	1	1
ACL1215_H04	Lieb	1.2026403	16.78878	2	2	2	1	2	2	1	2	1	2	1	1	1	1	2	1	2	2	1	1	1	1	1	1	1	2	1	1	1	1	2	1	1	2	1	1	1	1	1	1	2	1	1	2	1	1	1	1	1	2	1	1	1	1	1	1	1	1	1	1	1	1	1	1	1	1	1	2	1	1	1	2	1	1	1	1	1	1	1	1	1	1	1	1	1	1	1
ACL1217_C09	Lieb	1.2201003	16.8380001	2	2	2	1	2	2	1	1	1	2	1	1	2	1	1	1	2	2	1	1	2	1	1	1	2	1	1	1	1	1	2	1	1	1	1	1	1	1	1	1	1	1	1	1	1	1	1	2	1	2	1	1	1	1	1	1	1	1	1	1	1	1	1	1	1	1	1	2	1	1	1	2	1	1	1	1	1	2	1	1	1	1	1	1	1	1	1
ACL4152_E10	Danckel	0.3390003	9.2150001	2	2	1	2	1	1	1	2	1	2	1	2	2	1	1	1	2	2	2	1	2	1	1	1	1	2	1	1	1	2	2	2	2	1	1	1	1	2	1	2	2	1	1	1	1	1	1	1	1	1	1	1	1	1	1	1	1	1	2	1	1	1	1	1	1	1	1	2	1	1	1	1	1	1	1	1	1	1	1	1	1	1	1	1	1	1	1
ACL4175_A04	Lieb	0.2500002	9.2940003	2	2	1	1	1	1	1	2	1	1	1	2	1	1	1	1	2	2	1	1	2	1	1	1	1	2	1	1	1	2	2	1	1	1	1	2	1	1	1	1	2	1	1	1	1	1	1	1	1	1	1	1	1	1	1	1	1	1	1	1	1	1	1	1	1	1	1	1	1	1	1	1	1	1	1	1	1	1	1	1	1	1	1	1	1	1	1
ACL4200_D08	Lieb	0.1953	10.0555002	2	2	1	2	1	1	1	2	1	2	2	1	1	1	1	1	2	2	2	1	1	1	1	1	2	1	1	1	1	1	2	1	1	1	1	1	1	1	1	1	1	1	1	1	1	1	1	1	1	1	1	1	1	1	1	1	1	1	1	1	1	1	1	1	1	1	1	1	1	1	1	1	1	1	1	1	1	1	1	1	1	1	1	1	1	1	1
ACL4239_F04	Lieb	-0.1287	11.3502996	2	2	1	1	1	1	2	2	1	1	1	1	1	1	2	1	2	2	2	2	1	1	1	1	2	1	1	1	1	1	2	2	1	1	1	1	1	2	1	1	2	1	1	1	1	1	1	1	1	1	1	1	2	1	1	1	1	1	1	1	1	1	1	1	1	1	1	2	1	1	1	1	1	1	1	1	1	1	1	1	1	1	1	1	1	1	1
ACL4277_E06	Lieb	-0.1241001	11.3633001	2	2	2	2	1	1	1	2	1	1	1	1	1	1	2	1	2	2	2	1	1	1	2	1	2	1	1	1	1	1	2	1	1	1	2	1	1	2	1	1	1	1	1	1	1	1	1	2	1	1	1	1	2	1	1	1	1	1	1	2	1	1	1	1	1	1	1	2	1	1	1	1	1	1	1	1	1	1	1	1	1	1	1	1	1	1	1
ACL4286_E11	Lieb	-3.2463	10.4111001	2	1	1	2	1	1	1	2	1	2	1	1	2	1	1	1	2	2	1	1	1	1	1	1	2	2	1	1	1	1	2	2	1	1	1	1	1	2	1	1	1	1	1	1	1	1	1	1	1	1	1	1	1	1	1	1	1	1	1	1	1	1	1	1	1	1	1	2	1	1	1	1	1	1	1	1	1	1	1	1	1	1	1	1	1	1	1
ACL4422Ext8_F05	Lieb	3.7567503	11.2660002	2	2	1	1	2	2	1	2	1	2	1	1	1	1	1	1	2	2	1	1	2	2	2	1	1	1	1	1	1	1	2	2	1	1	1	1	1	1	1	1	1	1	1	1	1	1	1	1	1	1	1	1	1	1	1	1	1	1	1	1	1	1	1	1	1	1	1	2	1	1	1	2	1	1	1	1	1	1	1	1	1	1	2	1	1	1	1
ACL4448Ext8_B05	Lieb	-0.302067	11.7025335	2	2	1	2	1	1	1	2	1	1	1	1	2	1	1	1	1	2	2	1	2	1	1	1	2	2	1	1	1	1	2	1	1	1	2	1	1	2	1	1	1	2	1	1	1	1	1	1	1	1	1	1	2	1	1	1	1	1	1	1	1	1	1	1	1	1	1	2	1	1	1	1	1	1	1	1	1	1	1	1	1	1	1	1	1	1	1
ACL4451_B08	Lieb	-0.2890503	11.7056331	2	2	1	1	1	1	1	2	1	1	1	1	2	1	1	1	2	2	1	1	1	1	1	1	2	2	1	1	1	1	2	1	1	1	1	1	1	2	1	1	1	1	1	1	1	1	1	2	1	1	1	1	1	1	1	1	1	1	1	1	1	1	1	1	1	1	1	2	1	1	1	1	1	1	1	1	1	1	1	1	1	1	1	1	1	1	1
END																																																																																										
H2				0	0.7944	0.3859	0.7646	0.4821	0.4026	0.4032	0.6446	0.3528	0.4815	0.4512	0.3059	0.444	0.0824	0.2081	0.307	0.286	0.8506	0.4732	0.704	0.7648	0.8674	0.9432	0.4709	0.7783	0.1873	0.1076	0.3811	0.745	0.5693	0.2494	0.7783	0.4064	0.8506	0.2045	0	0	0.5889	0.4709	0.4892	0.402	-0.1028	0	0.1245	1	0.6629	0	0.3432	1	0.6347	0	1	0.6999	0.4892	0	0	0	0	0	1	0	0	0	0	0	0	0.6629	0.6709	0	1	0	0.8028	0	1	0	1	0	0	0	0.6629	0	0.6629	0.4892	0	0	0	0
