// Example of AFLP dataset to estimate pairwise kinship coefficients according to distance when the broad-sense heritability (H2) of each AFLP marker is given, following Ley & Hardy 2013 (Mol Ecol, in press). 																																																																																										
// 197 individuals were typed at 87 AFLP markers, as indicated by the 1st and 4th format numbers.																																																																																										
// The 5th format number =0 indicates that the data set corresponds to dominant markers where 2= band present, 1=band absent, 0=missing data. An alternative notation could have been to set the 5th format number to a negative number (e.g. -9) in which case the phenotypes would have been interpreted as 1= band present, 0=band absent, -9=missing data. 																																																																																										
// The 3rd format number =-2 indicates that the spatial coordinates of each individual are given in latitude and longitude (in this order) in degrees. 																																																																																										
// The second line indicates that there are 7 distances classes defined by the upper distances, which are in km when spatial coordinates are given in degrees latitude and longitude (3rd format number=-2)																																																																																										
// The 2nd format number=2 indicates tha there are two categories of individuals. Here, these two categories design the morpho-species ('Danckel', 'Lieb'). This allows computing kinship-distance curves for pairs of inviduduals belonging to the same or different morpho-species.																																																																																										
// The broad-sense heritability of each marker is given at the end, just after the line with END (cf. other dataset example to see how to estimate H2)																																																																																										
197	2	-2	87	0	2																																																																																					
7	10	20	50	100	200	300	400																																																																																			
ID	Cat	Lat	Long	L2_49.028	L2_73.956	L2_76.676	L2_99.967	L2_104.329	L2_108.254	L2_110.877	L2_112.862	L2_120.619	L2_124.114	L2_132.803	L2_137.654	L2_140.171	L2_145.326	L2_152.477	L2_156.359	L2_158.63	L2_165.548	L2_167.746	L2_172.133	L2_174.139	L2_177.405	L2_181.708	L2_186.238	L2_189.442	L2_192.638	L2_194.814	L2_203.315	L2_205.541	L2_210.75	L2_213.437	L2_215.552	L2_220.847	L2_224.507	L2_231.012	L2_233.35	L2_236.311	L2_242.786	L2_248.061	L2_253.731	L2_255.955	L2_258.065	L2_264.35	L2_267.775	L2_273.067	L2_276.011	L2_279.8	L2_281.833	L2_284.267	L2_288.619	L2_304.8	L2_309.28	L2_312.291	L2_314.443	L2_329.1	L2_332.6	L2_336.1	L2_337.95	L2_339.92	L2_343.336	L2_347	L2_354.3	L2_359	L2_361.9	L2_363.2	L2_366.3	L2_374.638	L2_378.305	L2_381.62	L2_382.95	L2_387.6	L2_392.987	L2_395.9	L2_398.3	L2_405.6	L2_421.3	L2_428.75	L2_433.163	L2_441.8	L2_451.54	L2_456.8	L2_462.967	L2_464.847	L2_483.1	L2_485.8	L2_492.4	L2_493.5
ACL0035_D11	Danckel	-19.3556	1394.7333	2	2	2	1	1	1	1	2	1	1	2	1	2	1	1	1	2	2	1	1	1	2	1	1	1	1	1	1	1	1	2	1	1	1	1	1	1	1	1	1	1	1	1	1	1	1	1	2	1	1	1	1	1	1	1	1	1	1	1	1	1	1	1	1	1	1	1	2	1	1	1	2	1	1	1	1	1	1	1	1	1	1	1	1	1	1	1
ACL0037_A02	Danckel	-18.2278	1389.3593	2	2	1	1	1	2	1	2	1	1	1	1	1	1	1	2	1	2	1	1	2	2	1	1	1	1	1	1	1	1	2	1	1	1	1	1	1	1	1	1	1	1	1	1	1	1	1	1	1	1	1	1	1	1	1	1	1	1	1	1	1	1	1	1	1	1	1	2	1	1	1	2	1	1	1	1	1	1	1	1	1	1	1	1	1	1	1
ACL0038_A01	Danckel	9.9037	1523.4704	2	2	1	1	1	2	1	2	1	2	2	2	2	2	1	1	2	2	2	2	2	2	1	1	1	2	2	1	2	1	2	1	1	1	1	1	1	1	1	1	1	2	1	2	1	1	1	2	1	1	1	1	1	1	1	1	1	1	1	1	1	1	1	1	1	1	1	1	1	1	1	1	1	1	1	1	1	1	1	1	1	1	1	1	1	1	1
ACL0040_D01	Danckel	10.9426	1523.313	2	2	1	1	1	1	1	2	1	1	1	1	1	2	1	1	2	2	1	1	2	2	1	1	1	1	1	1	1	1	2	1	1	1	1	1	1	1	1	1	1	2	1	1	1	1	1	2	1	1	1	1	1	1	1	1	1	1	1	1	1	1	1	1	1	1	1	1	1	1	1	2	1	1	1	1	1	1	1	1	1	1	1	1	1	1	1
ACL0041_B01	Danckel	-21.0407	1395.437	2	2	1	1	1	2	1	2	1	2	2	1	1	2	2	1	2	2	1	1	2	2	1	2	2	1	1	1	1	1	2	1	1	1	1	1	1	1	1	1	2	1	1	2	1	1	1	1	1	1	1	1	2	1	1	1	1	1	1	1	1	1	1	1	1	1	1	2	1	1	1	2	1	1	1	1	1	1	1	1	1	1	1	1	1	1	1
ACL0043_B05	Danckel	64.3167	1250.6593	2	2	1	1	1	1	1	2	1	1	1	1	1	2	1	1	1	2	1	1	2	2	1	1	1	1	1	1	1	1	2	1	1	1	1	1	1	1	1	1	2	1	1	2	1	1	1	2	1	1	1	1	1	1	1	1	1	1	1	1	2	1	1	1	1	1	1	2	1	1	1	2	1	1	1	1	1	1	1	1	1	1	1	1	2	1	1
ACL0044_F09	Danckel	59.0241	1237.9648	1	2	1	1	1	1	1	2	1	1	1	1	1	1	2	2	2	2	1	1	2	2	1	1	1	2	1	1	2	1	2	2	1	1	1	1	1	1	1	1	1	1	1	1	1	1	1	1	1	1	1	1	1	1	1	1	1	2	1	1	1	1	1	1	1	1	1	2	1	1	1	2	1	1	1	1	1	1	1	1	1	1	1	1	1	1	1
ACL0045_D10	Danckel	67.9796	1245.963	2	2	1	2	1	1	1	2	1	2	1	1	2	1	2	1	2	1	2	1	2	2	1	1	1	1	1	1	1	1	2	1	1	1	1	1	1	1	1	1	2	1	1	1	1	1	1	2	1	1	1	1	1	1	1	1	1	1	1	1	1	1	1	1	1	1	1	1	1	1	1	2	1	1	1	1	1	1	1	1	1	1	1	1	1	1	1
ACL0046_G10	Danckel	63.3630	1037.5722	2	2	1	1	1	2	1	2	1	1	1	1	1	1	1	1	2	2	1	1	2	1	1	1	1	1	1	1	1	2	2	2	1	1	1	1	1	2	1	1	2	1	1	2	1	1	1	1	1	1	1	2	1	1	1	1	1	1	1	1	1	1	1	1	1	1	1	2	1	1	1	2	1	1	1	1	1	1	1	1	1	1	1	1	1	1	1
ACL0048_A04	Danckel	64.0759	1036.9722	2	2	1	1	1	1	1	2	1	1	1	1	1	1	1	1	1	2	2	1	2	1	1	1	1	1	1	1	1	1	2	2	1	1	1	1	1	2	1	1	2	1	1	1	1	1	1	1	1	1	1	1	1	1	1	1	1	1	1	1	1	1	1	1	1	1	1	2	1	1	1	1	1	1	1	1	1	1	1	2	1	1	1	1	1	1	1
ACL0049Ext8_A11	Danckel	45.9870	1054.463	2	2	1	1	1	2	1	2	1	1	1	1	1	1	1	1	2	2	2	1	2	1	1	1	1	1	2	1	1	1	2	1	1	1	2	1	1	2	1	1	2	1	1	1	1	1	1	2	1	1	1	1	2	1	1	1	1	1	1	1	1	1	1	1	1	1	1	1	1	1	1	1	1	1	1	1	1	1	1	1	1	1	1	1	1	1	1
ACL0050_D01	Danckel	46.2426	1054.2426	2	2	1	1	1	1	1	2	1	1	2	1	1	2	1	1	2	2	1	2	2	1	2	1	1	2	1	1	1	2	2	1	1	1	2	2	1	2	1	1	2	1	1	2	1	1	1	2	1	1	1	1	1	1	1	1	1	1	1	1	1	1	1	1	1	1	1	1	1	1	1	1	1	1	1	1	1	1	1	2	1	1	1	1	1	1	1
ACL0051Ext8_G05	Danckel	96.3389	1502.1333	2	2	1	1	1	1	1	2	1	1	1	1	1	1	1	1	2	2	1	1	2	2	1	1	1	1	1	1	1	1	2	1	1	1	1	1	1	1	1	1	2	2	1	1	1	1	1	2	1	1	1	1	1	1	1	1	1	1	1	1	1	1	1	1	1	1	1	2	1	1	1	2	1	1	1	1	1	1	1	1	1	1	1	1	1	1	1
ACL0052_B08 	Danckel	95.9130	1502.4093	2	2	2	1	1	2	1	2	1	2	1	1	1	1	2	1	2	2	1	1	2	2	1	1	2	2	1	1	1	1	2	1	1	1	1	1	1	1	1	1	1	1	1	1	1	1	1	2	1	1	1	1	2	1	1	1	1	1	1	1	1	1	1	1	1	1	1	2	1	1	1	2	1	1	1	1	1	1	1	1	1	1	1	1	1	1	1
ACL0054_F08	Danckel	94.7222	1506.1093	2	2	1	2	1	1	1	2	1	2	1	1	1	1	2	1	2	2	1	1	2	2	1	1	1	1	1	1	1	1	2	1	1	1	1	1	1	1	1	1	2	1	1	1	1	1	1	2	1	1	1	1	1	1	1	1	1	1	1	1	1	1	1	1	1	1	1	2	1	1	1	2	1	1	1	1	1	2	1	1	1	1	1	1	1	1	1
ACL0055_D10 	Danckel	96.0704	1505.7111	2	2	2	2	1	2	1	2	1	1	1	1	2	1	2	1	2	2	1	1	1	2	1	1	2	1	2	1	1	1	2	1	1	1	1	1	1	1	1	1	2	1	1	1	1	1	1	2	1	1	1	1	1	1	1	1	1	1	1	1	1	1	1	1	1	1	1	2	1	1	1	1	1	1	1	1	1	1	1	1	1	1	1	1	1	1	1
ACL0057_H11	Danckel	-216.5537	1309.2296	2	2	2	2	1	2	2	2	2	1	2	1	2	1	1	2	1	1	2	2	1	2	2	1	1	2	1	2	1	1	2	2	2	1	1	1	1	1	1	1	1	1	1	1	1	2	1	2	1	1	1	1	1	1	1	1	1	1	1	1	1	1	1	1	1	1	1	2	1	1	1	1	1	1	1	1	1	1	1	1	1	1	1	1	1	1	1
ACL0058_A03	Danckel	-216.8019	1309.3278	2	2	2	1	1	2	2	2	1	1	1	1	1	2	1	1	1	2	2	1	2	1	2	1	1	2	1	1	1	1	2	2	1	1	1	1	1	1	1	1	1	1	1	2	1	2	1	2	1	1	1	1	1	1	1	1	1	1	1	1	1	1	1	1	1	1	1	2	1	1	1	2	1	1	1	1	1	1	1	1	1	1	1	1	1	1	1
ACL0059_A05	Danckel	-216.7333	1309.0278	2	2	1	1	1	2	1	2	1	2	1	1	1	2	1	1	1	2	1	1	2	2	2	1	1	1	1	1	1	1	2	2	1	1	1	1	1	1	1	1	2	2	1	2	1	2	1	2	1	1	1	1	1	1	1	1	1	1	1	1	1	1	1	1	1	1	1	2	2	1	1	2	1	1	1	1	1	1	1	1	1	1	1	1	1	1	1
ACL0079_D04	Danckel	-114.2074	1253.963	2	2	1	1	1	1	1	2	1	1	1	1	1	1	1	1	2	2	1	1	2	1	1	1	1	1	1	1	1	1	2	1	1	1	1	1	1	1	1	1	2	1	1	1	1	1	1	1	1	1	1	1	1	1	1	1	1	1	1	1	1	1	1	1	1	1	1	1	1	1	1	1	1	1	1	1	1	1	1	1	1	1	1	1	1	1	1
ACL0616_G02	Danckel	67.5648	1246.0778	2	2	1	2	1	1	1	2	1	1	1	2	1	1	2	1	2	2	2	1	2	2	1	1	2	2	1	1	2	1	2	1	1	1	1	1	1	1	1	1	1	1	1	2	1	1	1	1	1	1	1	1	2	1	1	1	1	1	1	1	1	1	1	1	1	1	1	2	1	1	1	1	1	1	1	1	1	1	1	1	1	1	1	1	1	1	1
ACL0617_A04	Danckel	67.2889	1245.9481	2	2	1	2	1	2	1	2	1	2	2	1	1	1	1	1	2	2	1	1	2	2	1	2	1	1	1	1	2	1	2	1	1	1	1	1	1	2	1	1	2	1	1	1	1	1	1	1	1	1	1	1	2	1	1	1	1	1	1	1	1	1	1	1	1	1	1	2	1	1	1	2	1	1	1	1	1	1	1	1	1	1	1	1	1	1	1
ACL0624_C10	Danckel	62.8907	1039.8722	2	2	2	1	1	1	1	2	2	2	1	1	1	1	2	1	2	2	1	1	2	1	1	1	1	1	1	1	1	1	2	2	1	1	1	1	1	2	1	1	2	1	1	1	1	1	1	1	1	1	1	1	1	1	1	1	1	1	1	1	1	1	1	1	1	1	1	2	1	1	1	1	1	1	1	1	1	1	1	1	1	1	1	1	1	1	1
ACL0626_B03	Danckel	62.9222	1039.9944	2	2	1	1	1	1	1	2	1	2	1	1	2	1	1	1	2	2	1	2	2	1	1	1	2	1	1	1	1	2	2	2	1	1	1	1	1	1	1	1	2	1	1	1	1	1	1	2	1	1	1	1	1	1	1	1	1	1	2	1	1	1	1	1	1	1	1	2	1	1	1	1	1	1	1	1	1	1	1	1	1	1	2	1	1	1	1
ACL0627_G01	Danckel	62.8722	1039.9759	2	2	1	1	2	1	1	2	1	1	1	1	1	1	1	1	2	2	1	1	2	1	1	1	1	2	1	1	1	1	2	1	1	1	1	1	1	2	1	1	2	1	1	1	1	1	1	1	1	1	1	1	1	1	1	1	1	1	2	1	1	1	1	1	1	1	1	2	1	1	1	1	1	1	1	2	1	1	1	1	1	1	1	1	1	1	1
ACL0648_F06	Danckel	200.5778	1290.9407	2	2	1	1	2	2	1	2	1	1	1	1	1	1	2	1	2	2	1	1	2	2	1	1	1	1	1	1	1	1	2	1	1	1	1	1	1	1	1	1	1	2	1	1	1	1	1	1	1	1	1	1	1	1	1	1	1	1	1	1	1	1	1	1	1	1	1	1	1	1	1	1	1	1	1	1	1	1	1	1	1	1	1	1	1	1	1
ACL0651Ext8_E01	Danckel	200.5926	1288.9481	2	2	1	1	1	2	1	2	1	1	1	1	1	1	1	1	2	2	1	2	2	2	1	1	1	1	1	1	1	1	2	1	1	1	1	1	1	1	1	1	1	1	1	1	1	1	1	2	1	1	1	1	1	1	1	1	1	1	1	1	1	1	1	1	1	1	1	1	1	1	1	2	1	1	1	1	1	1	1	1	1	1	1	1	1	1	1
ACL0653_E02	Danckel	201.4204	1290.3944	2	2	1	1	2	2	1	2	1	1	1	1	1	1	2	1	2	2	1	1	2	2	1	1	2	2	1	1	1	1	2	1	1	1	1	1	1	1	1	1	1	1	1	2	1	1	1	1	1	1	1	1	1	1	1	1	1	1	1	1	1	1	1	1	1	1	1	1	1	1	1	2	1	1	1	1	1	1	1	1	1	1	1	1	1	1	1
ACL0656_B01	Danckel	150.7944	1289.987	1	1	2	1	1	2	1	2	1	1	2	1	1	1	2	1	2	1	1	1	1	2	1	1	1	2	1	1	1	1	2	2	1	1	1	1	1	1	2	1	1	1	1	1	1	1	1	1	1	1	1	1	1	1	1	1	1	1	1	1	1	1	1	1	1	1	1	1	1	1	1	1	1	1	1	1	1	1	2	1	1	1	1	1	1	1	2
ACL0663_D05	Danckel	194.9185	1289.6963	2	2	2	1	1	1	2	2	1	2	2	1	2	1	2	1	2	2	1	1	2	2	1	1	2	1	1	1	1	1	2	1	1	1	1	1	1	1	1	1	1	1	1	2	1	1	1	1	1	1	1	1	1	1	1	1	1	1	1	1	1	1	1	1	1	1	1	1	1	1	1	2	1	1	1	1	1	1	1	1	1	1	1	1	1	1	1
ACL0677_C04	Danckel	10.6759	1523.387	2	1	2	2	1	1	2	2	1	1	2	1	1	1	1	1	2	2	2	1	2	2	1	2	1	1	1	1	1	1	2	1	1	1	1	1	1	1	1	1	1	2	1	1	1	1	1	1	1	1	1	1	1	1	1	1	1	1	1	1	1	1	1	1	1	1	1	1	1	1	1	2	1	1	1	1	1	1	1	1	1	1	1	1	1	1	1
ACL0686_D08 	Danckel	96.1667	1502.35	2	2	1	1	1	2	1	2	1	1	1	2	1	1	1	2	2	2	1	1	2	2	1	1	1	1	1	1	1	1	2	2	1	1	1	1	1	1	1	1	2	1	1	1	1	1	1	1	1	1	1	1	1	1	1	1	1	1	1	1	1	1	1	1	1	1	1	2	1	1	1	2	1	1	1	1	1	1	1	1	1	1	1	1	1	1	1
ACL0692_F04	Danckel	111.5315	1466.1667	2	2	1	2	1	2	1	2	1	1	1	1	1	1	2	2	2	2	2	1	2	2	1	1	1	2	1	1	1	1	2	1	1	1	1	1	1	1	1	1	1	1	1	1	1	1	1	1	1	1	1	1	2	1	1	1	1	1	1	1	1	1	1	1	1	1	1	1	1	1	1	2	1	1	1	1	1	1	1	1	1	1	1	1	1	1	1
ACL0693_C06	Danckel	111.6185	1466.2074	2	2	1	1	1	2	1	2	1	2	1	1	2	1	1	1	2	2	2	1	2	2	1	1	1	2	1	1	1	1	2	1	1	1	1	1	1	1	1	1	2	1	1	1	1	1	1	1	1	1	1	1	1	1	1	1	1	1	1	1	1	1	1	1	1	1	1	2	1	1	1	2	1	1	1	1	1	1	1	1	1	1	1	1	1	1	1
ACL0697_E10	Danckel	120.8519	1466.7111	2	2	1	1	1	2	1	2	1	2	1	1	1	1	1	1	2	2	1	1	2	2	1	1	1	1	1	1	1	1	2	1	1	1	1	1	1	1	1	1	2	1	1	1	1	1	1	1	1	1	1	1	1	1	1	1	1	1	1	1	1	1	1	1	1	1	1	1	1	1	1	2	1	1	1	1	1	1	1	1	1	1	1	1	1	1	1
ACL0698_C05	Danckel	86.3963	1459.6889	2	2	1	1	1	1	1	2	1	2	2	1	2	1	1	1	2	2	1	1	2	2	1	1	1	1	2	1	1	2	2	1	1	1	1	1	1	1	1	1	1	2	1	1	1	1	1	1	1	1	1	1	1	1	1	1	1	1	1	1	1	1	1	1	1	1	1	1	1	1	1	2	1	1	1	1	1	1	1	1	1	1	1	1	1	1	1
ACL0699_F05	Danckel	87.5444	1458.6981	2	2	1	1	1	2	1	2	1	2	1	1	1	1	1	1	2	2	2	1	2	2	1	2	1	1	1	1	1	1	2	1	1	1	1	1	1	1	1	1	1	1	1	1	1	1	1	2	1	1	1	2	2	1	1	1	1	1	1	1	1	1	1	1	1	1	1	2	1	1	1	2	1	1	1	1	1	1	1	1	1	1	1	1	1	1	1
ACL0702_C12	Danckel	24.6944	1500.113	2	2	1	1	1	1	1	2	1	1	1	1	1	1	1	1	1	2	2	1	2	2	1	1	1	1	1	1	1	1	2	1	1	1	1	1	1	1	1	1	2	1	1	1	1	1	1	2	1	1	1	1	1	1	1	1	1	1	1	1	1	1	1	1	1	1	1	1	1	1	1	1	1	1	1	1	1	1	1	1	1	1	1	1	1	1	1
ACL0709_C02	Danckel	24.7222	1500.1741	2	2	1	1	1	2	1	2	1	1	1	1	1	1	1	1	1	2	1	1	2	2	1	1	1	1	1	1	1	1	2	2	1	1	1	1	1	1	1	1	2	1	1	1	1	1	1	1	1	1	1	1	1	1	1	1	1	1	1	1	1	1	1	1	1	1	1	1	1	1	1	1	1	1	1	1	1	1	1	1	1	1	1	1	1	1	1
ACL0710_G08	Danckel	24.6444	1500.0667	2	2	1	1	1	2	1	2	1	1	1	1	1	1	2	1	2	2	1	1	2	2	1	1	1	1	1	1	1	1	2	1	1	1	1	1	1	1	1	1	2	1	1	1	1	1	1	1	1	1	1	1	1	1	1	1	1	1	1	1	1	1	1	1	1	1	1	1	1	1	1	1	1	1	1	1	1	1	1	1	1	1	1	1	1	1	1
ACL0711_H07	Danckel	87.6796	1458.6019	2	2	2	1	1	2	1	2	1	1	1	1	2	1	1	1	2	2	1	1	2	2	1	2	1	1	1	1	2	1	2	1	1	1	1	1	1	1	1	1	1	1	1	1	1	1	1	1	1	1	1	1	1	1	1	1	1	1	1	1	1	1	1	1	1	1	1	1	1	1	1	1	1	1	1	1	1	1	1	1	1	1	1	1	1	1	1
ACL0714_H04	Danckel	87.2870	1458.7667	2	2	2	1	2	2	1	2	1	2	2	1	1	1	2	1	2	2	1	1	2	2	1	1	1	1	2	2	1	1	2	1	1	1	1	1	1	1	1	1	2	1	1	1	1	1	1	1	1	1	1	1	1	1	1	1	2	1	1	1	1	1	1	1	1	1	1	1	1	1	1	1	1	1	1	1	1	1	1	1	1	1	1	1	1	1	1
ACL0715_H11	Danckel	86.9963	1458.9074	2	2	1	1	1	1	1	2	1	1	1	1	2	1	1	1	2	2	1	1	2	2	1	1	1	1	1	1	1	1	2	1	1	1	1	1	1	1	1	1	1	1	1	1	1	1	1	1	1	1	1	2	1	1	1	1	1	1	1	1	1	1	1	1	1	1	1	1	1	1	1	1	1	1	1	1	1	1	1	1	1	1	1	1	1	1	1
ACL0719_B02	Danckel	135.7278	1287.5685	2	2	1	2	2	2	1	2	1	1	2	1	1	1	1	1	2	2	1	1	2	2	1	1	1	1	1	1	1	1	2	1	1	1	1	1	1	1	1	1	2	1	1	1	1	1	1	1	1	1	1	1	1	1	1	1	1	1	1	1	1	1	1	1	1	1	1	1	1	1	1	2	1	1	1	1	1	1	1	1	1	1	1	1	1	1	1
ACL0720_G06	Danckel	-258.8074	1178.7204	2	2	1	1	2	1	1	2	1	1	1	1	1	1	1	1	1	2	2	1	1	1	2	1	1	1	1	1	1	1	2	2	1	1	1	1	1	1	1	1	1	1	1	1	1	1	1	1	1	1	1	1	1	1	1	1	1	1	1	1	1	1	1	1	1	1	1	1	1	1	1	2	1	1	1	1	1	1	1	1	1	1	1	1	1	1	1
ACL0721_F03	Danckel	-258.8500	1178.8741	2	2	1	1	2	2	1	2	1	1	1	1	1	1	1	1	1	2	1	1	2	2	2	1	1	2	2	1	1	1	2	2	1	1	1	1	1	2	1	1	2	1	1	1	1	1	1	1	1	1	1	1	1	1	1	1	1	1	1	1	1	1	1	1	1	1	1	2	1	1	1	2	1	1	1	1	1	1	1	1	1	1	1	1	1	1	1
ACL0724_A09	Danckel	-258.9481	1179.0093	2	2	1	1	2	1	1	2	1	1	1	1	1	1	1	1	1	2	1	1	1	1	2	1	1	2	1	1	1	1	2	2	1	1	1	1	1	1	1	1	1	1	1	1	1	1	1	1	1	1	1	1	1	1	1	1	1	1	1	1	1	1	1	1	1	1	1	2	1	1	1	2	1	1	1	1	1	1	1	1	1	1	1	1	1	1	1
ACL0732_B04	Danckel	-186.7463	1150.2981	2	2	1	1	1	1	1	2	1	1	1	1	1	1	1	1	1	2	1	1	1	1	2	1	1	1	1	1	1	1	2	2	1	1	1	1	1	2	1	1	1	1	1	1	1	1	1	1	1	1	1	1	1	1	2	1	1	1	1	1	1	1	1	1	1	1	1	1	1	1	1	2	1	1	1	1	1	1	1	1	1	1	1	1	1	1	1
ACL0736_B02	Danckel	-186.7481	1150.3444	2	2	1	1	1	1	1	2	1	1	1	1	1	1	1	1	1	2	1	1	1	1	2	1	1	1	1	1	1	1	2	1	1	1	1	1	1	2	1	1	1	1	1	1	1	1	1	1	1	1	1	1	2	1	1	1	1	1	1	1	1	1	1	1	1	1	1	2	1	1	1	2	1	2	1	1	1	1	1	1	1	1	1	1	1	1	1
ACL0737_D07	Danckel	-184.3648	1148.65	2	2	1	1	2	2	1	2	1	2	1	1	1	2	2	1	1	2	2	1	2	1	2	1	1	1	2	1	1	1	2	1	1	1	1	1	1	2	2	1	1	1	1	1	1	1	1	1	1	1	1	1	1	1	1	1	1	1	1	1	1	1	1	1	1	1	1	1	1	1	1	2	1	1	1	1	1	1	1	1	1	1	1	1	1	1	1
ACL0739_E01	Danckel	-184.4574	1148.65	2	2	1	1	2	1	1	2	1	1	1	1	2	2	1	1	2	2	2	1	1	1	2	1	1	2	1	1	1	1	2	2	1	1	1	1	1	2	1	1	1	1	1	1	1	1	1	1	1	1	1	1	1	1	1	1	1	1	1	1	1	1	1	1	1	1	1	2	1	1	1	2	1	1	1	1	1	1	1	1	1	1	1	1	1	1	1
ACL0744_E09	Danckel	-184.7148	1148.6685	2	2	1	1	1	2	2	2	1	1	1	1	1	2	1	1	2	1	1	1	2	1	2	1	1	2	1	1	2	1	2	2	1	1	1	1	1	2	1	1	1	1	1	1	1	1	1	1	1	1	1	1	1	1	1	1	1	1	1	1	1	1	1	1	1	1	1	2	1	1	1	2	1	1	1	1	1	1	1	1	1	1	1	1	1	1	1
ACL0750_B10	Danckel	-184.1796	1147.937	2	2	1	1	2	1	1	2	1	1	1	1	1	1	1	1	1	2	1	1	1	1	2	1	1	1	1	1	1	1	2	1	1	1	1	1	1	1	1	1	2	1	1	1	1	1	1	2	1	1	1	1	2	1	1	1	1	1	1	1	1	1	1	1	1	1	1	2	1	1	1	2	1	1	1	1	1	1	1	1	1	1	1	1	1	1	1
ACL0753_E08	Danckel	-184.0593	1147.7463	2	2	1	1	1	1	1	2	1	2	1	1	2	2	2	1	1	2	1	1	1	1	2	1	1	2	2	1	1	2	2	2	1	1	1	1	1	2	2	1	1	1	1	1	1	1	1	1	1	1	1	1	1	1	1	1	1	1	1	1	1	1	1	1	1	1	1	2	1	1	1	2	1	1	1	1	1	1	1	1	1	1	1	1	1	1	1
ACL0768_D10	Danckel	68.0815	1245.8556	2	2	1	1	2	2	1	2	1	2	1	2	1	1	1	1	2	2	2	1	2	2	1	1	1	2	2	1	1	1	2	1	1	1	1	1	1	1	1	2	2	1	1	2	1	1	1	2	1	1	1	1	1	1	1	1	1	1	1	1	1	1	1	1	1	1	1	2	1	1	1	2	1	1	1	1	1	1	1	1	1	1	1	1	1	1	1
ACL0770_C02	Danckel	67.4093	1245.3778	2	2	1	1	1	2	2	2	1	1	2	2	1	1	1	1	2	2	1	1	2	2	1	1	2	1	1	1	2	1	2	1	2	1	1	1	1	1	1	1	2	1	1	2	1	1	1	2	1	1	1	1	1	2	1	1	1	1	1	1	1	1	1	1	1	1	1	2	1	1	1	2	1	1	1	1	1	1	1	1	1	1	1	1	1	1	1
ACL0773_F05	Danckel	62.5167	1234.3926	2	2	1	1	1	2	1	2	1	2	1	1	1	1	1	1	2	2	1	1	2	2	1	1	2	1	2	1	1	1	2	1	1	1	1	1	1	2	1	2	1	2	1	2	1	1	1	2	1	1	1	1	2	1	1	1	1	1	1	1	1	1	1	1	1	1	1	2	1	1	1	2	1	1	2	1	1	1	1	1	1	1	1	1	1	1	1
ACL0776_F02	Danckel	-18.7167	1388.8111	2	2	1	1	1	2	1	2	1	1	2	1	1	1	1	1	1	2	1	1	2	2	1	1	1	2	1	1	1	1	2	1	1	1	1	1	1	1	1	1	2	1	1	2	1	1	1	1	1	1	1	1	1	1	1	1	1	1	1	1	1	1	1	1	1	1	1	2	1	1	1	2	1	1	1	1	1	1	1	1	1	1	1	1	1	1	1
ACL0777_B10	Danckel	-19.5185	1393.0037	2	2	1	1	1	2	1	2	1	2	1	1	1	1	1	1	2	2	2	1	1	2	2	1	1	2	2	1	1	1	2	2	1	1	1	1	2	1	1	1	2	2	1	1	1	1	1	1	1	1	1	1	1	1	1	1	1	1	1	1	1	1	1	1	1	1	1	2	1	1	1	2	1	1	1	1	1	1	1	1	1	1	1	1	1	1	1
ACL0778_H02	Danckel	-19.5759	1393.037	2	2	1	1	1	2	1	2	1	1	2	1	1	1	1	1	2	2	2	1	2	2	1	1	2	1	2	1	1	1	2	1	1	1	1	1	1	1	1	1	2	1	1	2	1	1	1	2	1	1	1	1	1	1	1	1	1	1	1	1	1	1	1	1	1	1	1	2	1	1	1	2	1	1	1	1	1	1	1	1	1	1	1	1	1	1	1
ACL0780_E08	Danckel	-19.7185	1393.1037	2	2	2	1	1	2	1	2	1	1	1	1	2	2	1	1	2	2	1	1	2	2	1	1	1	1	1	1	1	1	2	1	1	1	1	1	2	1	1	1	2	1	1	1	1	1	1	1	1	1	1	1	1	1	1	1	1	1	1	1	1	1	1	1	1	1	1	1	1	1	1	2	1	1	1	1	1	2	1	1	1	1	1	1	1	1	1
ACL0781_B07	Danckel	-19.8815	1393.2481	2	2	1	1	1	2	1	2	1	1	1	1	1	2	1	1	2	2	2	1	2	2	1	2	1	2	2	1	1	1	2	2	1	1	1	1	1	1	1	1	2	1	1	1	1	1	1	2	1	1	1	2	1	1	1	1	1	1	1	1	1	1	1	1	1	1	1	2	1	1	1	2	1	1	1	1	1	1	1	1	1	1	1	1	1	1	1
ACL0792_G01	Danckel	-20.5685	1395.25	2	2	1	1	1	2	1	2	2	1	1	1	1	1	1	1	1	2	1	1	2	2	1	1	1	1	2	1	2	1	2	1	1	1	1	1	1	1	1	1	2	1	1	1	1	1	1	2	1	1	1	1	1	2	1	1	1	1	1	1	1	1	1	1	1	1	1	2	1	1	1	2	1	1	1	1	1	1	1	1	1	1	1	1	1	1	1
ACL0794_A10	Danckel	-19.2704	1394.8093	2	2	1	1	1	2	1	2	1	1	1	2	1	2	1	1	1	2	2	1	2	2	1	2	2	1	2	1	1	1	2	1	1	1	1	1	1	1	1	1	2	1	1	2	1	1	1	1	1	1	1	1	1	1	1	1	1	1	1	1	1	1	1	1	1	1	1	2	1	1	1	2	1	1	1	1	1	1	1	1	1	1	1	1	1	1	1
ACL0798_C12	Danckel	-18.2796	1389.1315	2	2	1	1	1	2	1	2	1	2	2	1	1	1	1	2	1	2	2	1	1	2	1	1	2	1	1	2	1	1	2	1	1	1	1	1	2	1	1	1	1	1	1	2	1	1	1	2	1	1	1	1	1	1	1	1	1	1	1	1	1	1	1	1	1	1	1	2	1	1	1	2	1	1	1	1	1	1	1	1	1	1	1	1	1	1	1
ACL0799_C11	Danckel	-18.5148	1389.0833	2	2	1	1	1	1	1	2	1	2	1	1	1	1	1	2	1	2	1	1	2	2	1	1	1	1	1	1	1	1	2	2	1	1	1	1	1	1	1	1	2	1	1	1	1	1	1	2	1	1	1	1	1	1	1	1	1	1	1	1	1	1	1	1	1	1	1	2	1	1	1	2	1	1	1	1	1	1	1	1	1	1	1	1	1	1	1
ACL0810_E12	Danckel	69.6000	1155.1481	2	2	1	1	2	2	1	2	1	2	1	2	1	1	2	1	1	2	1	1	2	2	1	1	1	1	1	1	1	1	1	1	1	1	1	1	1	1	1	1	2	1	1	1	1	1	1	1	1	1	1	1	1	1	1	1	1	1	1	1	1	1	1	1	1	1	1	1	1	1	1	1	1	1	1	1	1	1	1	1	1	1	1	1	1	1	1
ACL0820_G12	Danckel	68.0611	1155.9759	2	2	1	1	2	1	1	2	1	1	1	1	2	1	2	1	2	2	1	1	1	1	1	2	1	2	1	1	1	1	1	1	2	1	1	1	1	2	1	1	1	1	1	1	1	1	1	1	1	1	1	1	1	1	1	1	1	1	1	1	1	1	1	1	1	1	1	1	1	1	1	1	1	1	1	1	1	1	1	1	1	1	1	1	1	1	1
ACL0821_F03	Danckel	51.6296	1142.0889	2	2	2	1	2	1	1	2	2	2	2	1	1	2	1	1	2	2	1	1	2	2	1	1	1	1	1	1	1	1	2	1	1	1	2	1	1	1	1	1	1	1	1	1	1	1	1	2	1	1	1	1	1	1	1	1	1	1	1	1	1	1	1	1	1	1	1	1	1	1	1	1	1	1	1	1	1	1	1	1	1	1	1	1	1	1	1
ACL0831_C05	Danckel	52.6963	1141.8444	2	2	1	1	1	1	1	2	2	1	1	1	1	2	2	1	2	2	1	1	1	2	1	1	1	1	1	1	1	1	2	1	1	1	1	1	1	1	1	1	1	1	1	1	1	1	1	1	1	1	1	1	1	1	1	1	1	2	1	1	1	1	2	1	1	1	1	1	2	1	1	1	1	1	1	1	1	1	1	1	1	1	1	1	1	1	1
ACL0832_D01	Danckel	50.1833	1131.363	2	2	1	1	2	1	1	2	1	2	1	1	1	1	1	1	2	2	1	1	2	1	1	1	1	1	1	1	1	1	2	2	1	1	1	1	1	1	1	1	2	1	1	1	1	1	1	1	1	1	1	1	1	1	1	1	1	1	1	1	1	1	1	1	1	1	1	1	1	1	1	1	1	1	1	1	1	1	1	1	1	1	1	1	1	1	1
ACL0834Ext8_A11	Danckel	50.1963	1131.7259	2	2	1	1	2	1	1	2	1	2	1	1	1	1	1	1	1	2	1	1	1	1	1	1	1	1	1	1	1	1	2	1	1	1	1	1	1	1	1	1	1	1	1	2	1	1	1	1	1	1	1	1	1	1	1	1	1	1	1	1	1	1	1	1	1	1	1	1	1	1	1	1	1	1	1	1	1	1	1	1	1	1	1	1	1	1	1
ACL0846_H04	Danckel	238.9422	1797.4633	2	2	2	1	1	1	1	2	1	1	1	1	1	1	1	1	2	2	1	2	2	2	1	1	1	1	1	1	1	1	2	1	1	1	1	1	1	1	1	1	1	1	1	1	1	1	1	1	1	1	1	1	1	1	1	1	1	1	1	1	1	1	1	1	1	1	1	2	1	1	1	2	1	1	1	2	1	1	1	1	1	1	1	1	1	1	1
ACL0853_D09	Danckel	233.7222	1810.4989	2	2	2	1	1	2	2	2	1	1	1	1	2	1	1	1	2	2	1	1	2	2	1	1	1	2	1	1	1	1	2	1	2	1	1	1	1	1	1	1	1	1	1	1	1	1	1	2	1	1	1	1	1	1	1	1	1	1	1	1	1	1	1	1	1	1	1	1	1	1	1	2	1	1	1	1	1	1	1	1	1	1	1	1	1	2	1
ACL0857Ext8_D05	Danckel	373.0963	1415.0611	2	2	2	1	2	2	1	2	1	1	1	1	1	1	1	1	2	2	2	1	2	2	1	1	2	1	1	1	1	1	2	1	1	1	1	1	1	1	1	1	1	2	1	1	1	1	1	1	1	2	1	1	1	1	1	1	1	1	2	1	1	1	1	1	1	1	1	1	1	1	1	2	1	1	1	1	1	1	1	1	1	1	1	1	1	1	1
ACL0876_H05	Danckel	370.0870	1417.4241	2	2	2	1	2	2	1	2	2	2	1	1	1	1	2	1	2	2	2	2	2	2	1	1	2	1	1	2	1	1	2	1	2	1	1	1	1	1	1	1	2	1	1	2	1	1	1	1	1	1	1	1	2	1	1	1	1	1	2	1	1	1	1	1	1	1	1	1	1	1	1	1	1	1	1	1	1	1	1	1	1	1	1	1	1	1	1
ACL0882_B09	Danckel	368.9889	1183.513	2	2	1	1	1	2	1	2	1	1	1	1	1	1	1	1	2	2	2	1	2	1	1	1	2	1	1	1	2	2	2	2	1	1	1	1	1	1	1	1	1	1	1	1	1	1	1	1	1	1	1	2	1	1	1	1	1	1	1	1	1	1	1	1	1	1	1	1	1	1	1	1	1	1	1	1	1	1	1	1	1	1	1	1	1	1	1
ACL0883_D08	Danckel	367.5778	1183.3926	2	2	1	1	1	2	1	2	1	1	1	1	2	1	1	1	2	2	1	1	2	1	1	1	1	1	1	1	1	1	2	1	1	1	1	1	1	1	1	1	2	2	1	1	1	1	1	2	1	1	1	1	1	1	1	1	1	1	2	1	1	1	1	1	1	1	1	1	1	1	1	2	1	1	1	1	1	1	1	1	1	1	1	1	1	1	1
ACL0886_E12	Danckel	358.8426	1178.4648	2	2	1	1	2	1	2	2	1	2	1	2	1	1	1	1	2	2	1	1	2	2	1	1	2	2	1	1	1	1	2	1	2	1	2	1	1	1	1	2	1	1	1	1	1	1	1	2	1	1	1	1	1	1	1	1	1	1	1	1	1	1	1	1	1	2	1	1	1	1	1	2	1	1	1	1	1	1	1	1	1	1	2	1	1	1	1
ACL0887_G04	Danckel	359.7000	1177.8537	2	2	1	1	1	2	1	2	1	1	1	2	2	2	1	1	2	2	1	1	2	1	1	1	1	1	1	1	1	1	2	1	2	1	1	1	1	1	1	1	2	1	1	1	1	1	1	2	1	1	1	2	1	1	1	1	1	1	1	1	1	1	1	1	1	1	1	2	1	1	1	2	1	1	1	1	1	1	1	1	1	1	1	1	1	1	1
ACL0901_H08	Danckel	360.8519	1177.2296	2	2	1	1	2	1	1	2	1	1	1	2	2	1	1	1	2	2	1	1	2	2	1	1	1	1	1	1	1	1	2	1	2	1	1	1	1	1	1	1	1	1	1	1	1	1	1	1	1	1	1	2	1	1	1	1	1	1	1	1	1	1	1	1	1	1	1	1	1	1	1	2	1	1	1	1	2	1	1	1	1	1	2	1	1	1	1
ACL0912_B03	Danckel	376.8315	1413.8444	2	2	2	2	2	2	1	2	1	1	1	1	2	1	1	1	2	2	2	1	2	2	1	1	1	2	1	1	2	1	2	1	1	1	1	1	1	1	1	1	1	1	1	2	1	1	1	2	1	2	1	1	1	1	1	1	1	1	1	1	1	1	1	1	1	1	1	2	1	1	1	2	1	1	1	1	1	1	1	1	1	1	1	1	1	1	1
ACL0915_H01	Danckel	375.0611	1414.9222	2	2	2	1	2	2	1	2	1	1	2	1	1	2	1	1	2	2	2	1	2	1	1	1	2	2	1	1	1	1	2	1	1	1	1	1	1	1	1	1	2	2	1	1	1	1	1	1	1	1	1	1	1	1	1	1	1	1	2	1	1	1	1	1	1	1	1	1	1	1	1	2	1	1	1	1	1	1	1	1	1	1	1	1	1	1	1
ACL0921_B06	Danckel	374.6352	1414.7315	2	2	2	1	2	2	1	2	1	1	1	1	1	1	2	1	2	2	2	1	2	2	1	1	1	2	1	1	1	1	2	1	1	1	1	1	1	1	1	1	1	2	1	1	1	1	1	1	1	2	1	1	1	1	1	1	1	1	2	1	1	1	1	1	1	1	1	1	1	1	1	2	1	1	1	1	1	1	1	1	1	1	1	1	1	1	1
ACL0925_H06	Danckel	374.4759	1414.5926	2	2	2	2	2	2	1	2	1	1	1	1	1	1	1	1	2	2	1	1	2	2	1	1	1	1	1	1	1	2	2	1	1	1	1	1	1	1	1	1	1	1	1	1	1	1	1	1	1	1	1	1	1	1	1	1	1	1	1	1	1	1	1	1	1	1	1	1	1	1	1	2	1	1	1	1	1	1	1	1	1	1	1	1	1	1	1
ACL0926_G05	Danckel	360.1222	1178.2611	2	2	1	1	1	1	2	1	1	1	1	1	1	1	1	1	2	2	1	1	2	1	1	1	1	1	1	1	1	1	2	1	2	1	1	1	1	1	2	2	1	2	1	2	1	1	1	2	1	1	1	2	1	1	1	1	1	1	1	1	1	1	1	1	1	1	1	1	1	1	1	2	1	1	1	1	1	1	1	1	1	2	2	1	1	1	1
ACL0930_C11	Danckel	420.3833	1228.9833	2	2	1	1	2	2	1	2	1	1	1	1	1	1	1	1	2	2	1	1	2	2	1	1	1	1	1	1	1	1	2	2	1	1	1	1	1	1	1	1	1	1	1	1	1	1	1	1	1	1	1	1	1	1	1	1	1	1	1	1	1	1	1	1	1	1	1	1	1	1	1	1	1	1	1	1	1	1	1	1	1	1	1	2	1	1	1
ACL0931_F07	Danckel	426.9259	1216.5389	2	2	1	1	2	2	1	2	1	1	1	2	1	1	1	1	2	2	2	1	2	2	1	1	1	1	1	1	1	2	2	2	2	1	1	1	1	2	1	1	1	1	1	1	1	1	1	2	1	1	1	1	1	1	1	1	1	1	1	1	1	1	1	1	1	1	1	1	1	1	1	2	1	1	1	1	1	1	1	1	1	1	2	1	1	1	1
ACL0941_H05	Danckel	421.7833	1133.6889	2	2	1	1	2	2	1	2	1	2	1	2	1	1	1	1	2	2	2	1	2	2	1	1	2	2	2	1	1	1	2	2	2	1	1	1	1	1	1	1	1	1	1	1	1	1	1	1	1	1	1	1	1	1	1	1	1	1	1	1	1	1	1	1	1	1	1	2	1	1	1	2	1	1	1	1	1	1	1	1	1	1	1	1	1	1	1
ACL0951_G02 	Danckel	422.0648	1134.5019	2	2	1	1	1	1	1	2	1	1	1	1	1	1	1	1	2	1	1	1	2	2	1	1	1	1	1	1	1	1	2	1	1	1	1	1	1	1	1	1	1	1	1	2	1	1	2	1	1	1	1	1	1	1	1	1	1	1	1	1	1	1	1	1	1	1	1	1	1	1	1	2	1	1	1	1	1	1	1	1	1	1	1	1	1	1	1
ACL0956_B08	Danckel	436.7778	1118.9241	2	2	1	1	1	2	1	2	1	1	1	1	2	1	2	1	2	2	2	2	2	2	1	1	1	1	1	1	1	1	2	2	1	1	1	1	1	1	1	1	1	1	1	1	1	1	1	1	1	1	1	1	1	1	1	1	1	1	1	1	1	1	1	1	1	1	1	1	1	1	1	2	1	1	1	1	1	2	1	1	1	1	2	1	1	1	1
ACL0961_D07 	Danckel	429.1148	1119.4833	2	2	1	1	1	2	2	1	1	2	1	1	2	1	2	1	2	2	2	1	2	1	1	1	2	1	1	1	1	1	2	2	1	1	1	1	1	1	1	1	2	1	1	1	1	1	1	1	1	1	1	1	1	1	1	1	1	1	1	1	1	1	1	1	1	1	1	1	2	1	1	2	1	1	1	1	1	1	1	1	1	1	2	1	1	1	1
ACL0963_G03	Danckel	303.5185	1097.1574	2	2	1	1	2	2	1	2	1	2	1	1	1	1	1	1	2	2	2	1	2	1	1	1	1	2	1	1	1	1	2	1	2	1	1	1	1	1	1	1	2	1	1	2	1	1	1	2	1	2	1	1	1	2	1	1	1	1	1	1	1	1	1	1	1	1	1	1	1	1	1	2	1	1	1	1	1	1	1	1	1	1	1	1	1	1	1
ACL0969_B10 	Danckel	302.4500	1097.1778	2	2	2	1	2	2	2	2	1	1	1	1	2	1	1	1	2	2	1	2	2	1	1	2	1	1	1	1	1	1	2	1	1	1	1	1	1	1	1	1	1	1	1	1	1	1	1	2	1	1	1	1	1	1	1	1	1	1	1	1	1	1	1	1	1	1	1	2	1	1	1	2	1	1	1	1	1	1	1	1	1	1	2	1	1	1	1
ACL0974_D03	Danckel	299.5222	1096.0204	2	2	2	1	1	2	2	1	1	1	1	1	1	1	1	1	2	2	1	1	2	1	1	1	1	1	1	1	1	1	2	1	2	1	1	1	1	1	1	1	2	1	1	2	1	1	1	1	1	1	1	1	1	1	1	1	1	1	1	1	1	1	1	1	1	1	1	2	1	1	1	2	1	1	1	1	1	1	1	1	1	1	2	1	1	1	1
ACL0979_H02	Danckel	295.1815	1096.0241	2	2	2	1	1	1	2	1	1	1	1	1	1	1	1	1	2	2	1	1	2	1	1	1	1	1	1	1	1	1	2	1	2	1	1	1	1	1	1	1	1	2	1	1	1	1	1	1	1	1	1	1	1	1	1	1	1	1	1	1	1	1	1	1	1	1	1	2	1	1	1	2	1	1	1	1	1	1	1	1	1	1	1	1	1	1	1
ACL0983_C01	Danckel	295.0093	1096.2019	2	2	1	1	2	2	2	1	1	1	1	1	1	1	1	1	2	2	2	1	2	2	1	2	1	2	1	1	1	1	2	1	2	1	1	1	1	1	1	1	1	1	1	1	1	1	1	2	1	1	1	1	1	1	1	1	1	1	1	1	1	1	1	1	1	1	1	1	1	1	1	2	1	1	1	1	1	1	1	1	1	1	1	1	1	1	1
ACL0987_G04	Danckel	311.5519	1114.9519	2	2	1	1	2	1	1	2	1	1	1	2	1	1	1	1	2	2	1	1	2	1	1	1	1	1	1	1	1	1	2	1	2	1	1	1	1	1	1	1	2	1	1	1	1	1	1	2	1	1	1	1	1	1	1	1	1	1	1	1	1	1	1	1	1	1	1	2	1	1	1	2	1	1	1	1	1	1	1	1	1	1	1	1	1	1	1
ACL0989_H10 	Danckel	311.5222	1114.6981	2	2	1	1	1	2	1	2	1	1	1	1	1	1	1	1	2	2	2	1	2	1	1	1	1	1	1	1	1	2	2	1	2	1	1	1	1	1	1	1	2	2	1	1	1	1	1	2	1	1	1	1	1	1	1	1	1	1	1	1	1	1	1	1	1	1	1	1	1	1	1	2	1	1	1	1	1	1	1	1	1	1	1	1	1	1	1
ACL0992_F07	Danckel	311.3981	1114.2704	2	2	1	1	1	2	2	1	1	1	1	1	2	1	2	1	2	2	1	2	2	2	1	1	1	1	1	1	1	2	2	1	2	1	1	1	1	1	1	1	2	1	1	1	1	1	1	1	1	1	1	1	1	1	1	1	1	1	1	1	1	1	1	1	1	1	1	2	1	1	1	2	1	1	1	1	1	1	1	1	1	1	1	1	1	1	1
ACL0994_D06	Danckel	311.3241	1113.8352	2	2	1	1	1	1	1	2	1	1	1	2	1	1	1	1	2	2	2	1	2	2	1	1	1	1	1	1	2	1	2	1	2	1	1	1	1	1	1	1	2	2	1	1	1	1	1	1	1	2	1	1	1	1	1	1	1	1	1	1	1	1	1	1	1	1	1	2	1	1	1	2	1	1	1	1	1	1	1	1	1	1	1	1	1	1	1
ACL1003_B09	Danckel	310.9574	1113.3093	2	2	1	1	2	2	1	2	1	1	1	1	1	2	1	1	2	2	2	1	2	1	1	1	1	1	1	1	1	1	2	1	2	1	1	1	2	1	1	1	2	1	1	2	1	1	1	1	1	1	1	1	2	1	1	2	1	1	1	1	1	2	1	1	1	1	1	2	2	1	1	2	1	1	1	1	1	1	1	1	1	1	2	1	1	1	1
ACL1004_G09	Danckel	311.2722	1115.1685	2	2	1	1	1	2	1	2	1	1	1	1	1	1	1	1	2	2	2	1	2	2	1	1	1	2	1	1	1	1	2	1	2	1	1	1	1	1	1	1	2	1	1	1	1	1	1	1	1	2	1	1	1	1	1	1	1	1	1	1	1	1	1	1	1	1	1	2	1	1	1	2	1	1	1	1	1	1	1	1	1	1	1	1	1	1	1
ACL1008_F12	Danckel	311.2019	1115.2	2	2	2	1	1	2	1	1	1	1	1	1	1	1	1	1	2	2	2	1	2	1	1	1	1	1	1	1	1	1	2	1	2	1	1	1	1	1	1	1	2	2	1	2	1	1	1	2	1	1	1	1	1	1	1	1	1	1	1	1	1	1	1	1	1	1	1	2	1	1	1	2	1	1	1	1	1	1	1	1	1	1	1	1	1	1	1
ACL1011_C03	Danckel	367.0778	1183.2167	2	2	1	1	1	2	1	2	1	1	1	2	1	1	1	1	2	2	1	1	2	1	1	1	1	1	1	1	2	1	2	2	1	1	1	1	1	1	1	1	2	2	1	2	1	1	1	1	1	1	1	1	1	1	1	1	1	1	1	1	1	1	1	1	1	1	1	2	1	1	1	2	1	1	1	1	1	1	1	1	1	2	2	1	1	1	1
ACL4182_D12	Danckel	-127.1111	1174.8889	2	2	1	2	2	1	1	2	1	1	1	1	1	1	1	1	2	2	2	1	1	1	1	1	2	2	1	1	1	1	2	1	1	1	1	1	1	1	2	1	1	2	1	1	1	1	2	2	1	1	1	1	1	1	1	1	1	1	1	1	1	1	1	1	1	1	1	1	1	1	1	1	1	1	1	1	1	1	1	1	1	2	1	1	1	1	1
ACL4206_C02	Danckel	41.6667	1138.0111	2	2	1	1	1	1	1	2	1	1	1	1	1	1	1	1	2	2	1	1	2	2	1	1	1	1	1	1	1	1	2	1	1	1	1	1	1	1	1	1	1	2	1	1	1	1	1	1	1	1	1	1	1	2	1	1	1	1	1	1	1	1	1	1	1	1	1	2	1	1	1	2	1	1	1	1	1	1	1	1	1	1	1	1	1	1	1
ACL4300_B12 	Danckel	34.1000	1386.8778	2	2	1	1	1	2	1	2	1	2	1	1	1	1	1	1	2	2	1	1	2	2	1	1	1	2	1	1	1	1	2	1	1	1	1	1	1	1	1	1	1	1	1	1	1	1	1	2	1	1	1	1	1	1	1	1	1	1	1	1	1	1	1	1	1	1	1	1	1	1	1	2	1	1	1	1	1	1	1	1	1	1	1	1	1	1	1
ACL4435_C04	Danckel	-90.8796	1452.7667	2	2	1	1	1	2	1	2	1	2	1	2	1	2	1	1	2	2	1	2	2	2	1	2	1	2	2	1	1	1	2	1	1	1	1	1	2	1	1	1	2	1	1	1	2	1	1	2	1	1	1	1	1	1	1	1	1	1	1	1	1	1	1	1	1	1	1	2	1	1	1	2	1	1	1	1	1	1	1	1	1	1	1	1	1	1	1
ACL4438_C09	Danckel	-90.2778	1452.9167	2	2	1	1	1	2	1	2	1	2	1	1	1	1	2	1	1	2	1	1	2	2	1	1	1	2	2	1	1	1	2	1	1	2	1	1	2	1	1	1	2	1	1	1	1	1	1	2	1	1	1	1	1	1	1	1	1	1	1	1	1	1	1	1	1	1	1	1	1	1	1	2	1	1	1	2	1	1	1	1	1	1	1	1	1	1	1
ACL4439_E04	Danckel	-90.2778	1452.9167	2	2	1	1	1	1	1	2	1	1	1	1	1	1	1	1	1	2	2	1	2	2	2	1	1	1	1	2	1	1	2	1	1	1	1	1	1	1	1	1	2	2	1	1	1	1	1	2	1	1	1	1	1	1	1	1	1	1	1	1	1	1	1	1	1	1	1	2	1	2	1	2	1	1	1	1	1	1	1	1	1	1	1	1	1	1	1
ACL4440_A06	Danckel	-90.2778	1452.9167	2	2	1	1	1	1	1	2	2	1	2	1	1	2	1	1	1	2	1	1	2	2	1	1	1	2	1	1	1	1	2	1	1	1	1	1	1	1	1	1	2	2	1	1	1	1	1	2	1	1	1	1	1	1	1	1	1	1	1	1	1	1	1	1	1	1	1	2	1	1	1	2	1	1	1	1	1	1	1	1	1	1	1	1	1	1	1
ACL1019_F10	Lieb	-118.0481	1222.137	2	2	1	2	1	1	1	2	1	1	1	1	1	1	1	1	2	2	2	1	1	1	1	2	2	2	1	1	1	1	2	1	1	1	1	1	1	2	1	1	1	1	1	1	1	1	1	1	1	1	1	1	2	1	1	1	1	1	1	2	1	1	1	1	1	1	1	2	1	1	1	1	1	1	1	1	1	1	1	1	1	1	1	1	1	1	1
ACL1023_F04	Lieb	-118.5593	1222.4963	2	2	1	2	1	1	1	2	1	1	1	1	1	1	1	1	1	2	2	1	1	1	1	1	1	2	1	1	1	1	2	2	2	1	1	1	1	2	1	1	2	1	1	1	1	1	1	2	1	1	1	1	2	1	1	1	1	1	1	1	1	1	1	1	1	1	1	2	1	1	1	1	1	1	1	1	1	1	1	1	1	1	1	1	1	1	1
ACL1026_B07	Lieb	-124.9074	1237.2019	2	2	2	2	1	1	1	2	1	1	1	1	1	1	1	1	2	2	2	1	1	1	1	1	2	2	1	1	1	1	2	2	2	1	1	1	1	2	1	1	1	1	1	2	1	1	1	1	1	1	1	1	1	1	1	1	1	1	1	1	1	1	1	1	1	1	1	1	1	1	1	1	1	1	1	1	1	1	1	1	1	1	1	1	1	1	1
ACL1029_C08	Lieb	-125.2648	1237.2315	2	2	2	2	1	1	1	2	1	2	1	1	2	1	1	1	2	2	1	1	1	1	1	2	2	1	2	1	1	1	2	2	1	1	1	1	1	2	1	1	1	1	1	1	1	1	1	2	1	1	1	1	2	1	1	1	1	1	1	1	1	1	1	1	1	1	1	1	1	1	1	1	1	1	1	1	1	1	1	1	1	1	1	1	1	1	1
ACL1034_G10 	Lieb	-113.0333	1252.2222	2	2	1	2	1	1	1	2	1	1	1	1	1	1	1	1	2	2	2	1	1	1	1	1	2	2	1	1	1	1	2	2	1	1	1	1	1	2	1	1	1	1	1	2	1	1	1	2	1	1	1	1	1	1	1	1	1	1	1	1	1	1	1	1	1	1	1	1	1	1	1	1	1	1	1	1	1	1	1	1	1	1	1	1	1	1	1
ACL1035_H06	Lieb	-114.4704	1253.8648	2	2	1	2	1	1	1	1	1	2	1	1	1	1	1	1	2	2	2	1	1	1	1	1	1	2	1	1	1	1	2	2	1	1	1	1	1	2	1	1	1	1	1	2	1	1	1	1	1	1	1	1	2	1	1	1	1	1	1	1	1	1	1	1	1	1	1	1	1	1	1	1	1	1	1	1	1	1	1	1	1	1	1	1	1	1	1
ACL1040_D02	Lieb	-115.3870	1253.9278	2	2	1	2	1	1	1	2	1	1	1	1	2	2	2	1	1	2	2	1	1	2	1	1	2	1	1	1	1	2	2	2	1	1	1	1	1	2	1	1	2	1	1	1	1	1	1	2	1	1	1	1	2	1	1	1	1	1	1	1	1	1	1	1	1	1	1	1	2	1	1	1	1	1	1	1	1	1	1	1	1	1	1	1	1	1	1
ACL1043_D11	Lieb	95.0685	1505.8741	1	2	1	2	2	2	1	2	1	2	1	1	1	1	1	1	2	2	1	1	2	2	1	1	1	1	1	1	1	1	2	1	1	1	1	1	1	1	1	1	2	1	1	1	1	1	1	1	1	1	1	1	1	1	1	1	1	1	1	1	1	1	1	1	1	1	1	2	1	1	1	2	1	1	1	1	1	1	1	1	1	1	1	1	1	1	1
ACL1045Ext8_G07	Lieb	95.7574	1505.6574	2	2	1	1	1	1	1	2	1	1	1	1	1	1	1	1	2	2	1	1	2	2	1	1	1	1	1	1	1	1	2	1	1	1	1	1	1	1	1	1	1	1	1	1	1	1	1	1	1	1	1	1	1	1	1	1	1	1	1	1	1	1	1	1	1	1	1	1	1	1	1	2	1	1	1	1	1	1	1	1	1	1	1	1	1	1	1
ACL1047Ext8_A05	Lieb	11.0870	1523.3463	2	2	1	2	1	1	1	2	1	1	2	1	1	1	2	1	2	2	1	1	2	1	1	1	2	1	1	1	1	2	2	1	1	1	1	1	1	1	1	1	1	1	1	1	1	1	1	2	1	1	1	1	1	1	1	1	1	1	1	1	1	1	1	1	1	1	1	1	1	1	1	2	1	1	1	1	1	1	1	1	1	1	1	1	1	1	1
ACL1049_D07 	Lieb	10.7907	1523.3722	2	2	2	1	2	2	1	2	1	1	1	1	1	1	1	1	1	2	1	1	1	1	1	1	1	1	1	1	1	1	1	1	1	1	1	1	1	1	1	1	1	1	1	1	1	1	1	1	1	1	1	1	1	1	1	1	1	1	1	1	1	1	1	1	1	1	1	2	1	1	1	1	1	1	1	1	1	1	1	1	1	1	1	1	1	1	1
ACL1051_G02	Lieb	10.9741	1523.3259	2	2	1	1	2	1	1	2	1	2	1	1	1	1	1	1	2	2	1	1	2	2	1	1	1	1	1	1	1	1	2	1	1	1	1	1	1	1	1	1	1	1	1	1	1	1	1	2	1	1	1	1	1	1	1	1	1	1	1	1	1	1	1	1	1	1	1	2	1	1	1	2	1	1	1	1	1	1	1	1	1	1	1	1	1	1	1
ACL1052_E08	Lieb	-113.8778	1253.7648	2	2	1	2	1	1	1	2	1	2	1	1	1	1	1	1	2	2	2	1	1	1	1	1	2	1	1	1	1	1	2	2	1	1	1	1	1	2	1	1	1	1	1	1	1	1	1	1	1	1	1	1	2	1	1	1	1	1	1	1	1	1	1	1	1	1	1	2	1	1	1	1	1	1	1	1	1	1	1	1	1	1	1	1	1	1	1
ACL1053_H03 	Lieb	95.7981	1502.0407	1	2	1	2	1	2	2	2	2	1	1	1	1	1	1	2	1	1	1	1	2	1	1	1	1	1	1	2	1	1	2	1	1	1	1	1	1	1	1	2	1	1	1	1	1	1	1	1	1	1	1	1	1	1	1	1	1	1	1	1	1	1	1	1	1	1	2	1	1	1	1	1	1	1	1	1	1	1	1	1	1	1	1	1	1	1	1
ACL1055_A10	Lieb	96.1648	1502.137	2	2	1	1	2	2	1	1	1	2	1	1	1	1	1	2	2	2	2	1	1	2	1	1	2	1	1	1	2	1	2	1	1	1	1	1	1	1	2	2	2	1	1	2	1	1	1	1	1	1	1	1	1	1	1	1	1	1	1	1	1	1	1	1	1	1	1	1	1	1	1	2	1	1	1	1	1	1	1	1	1	1	1	1	1	1	1
ACL1056_F01 	Lieb	111.4204	1466.213	2	2	1	1	1	2	1	2	1	2	1	1	2	2	1	1	2	2	1	1	2	2	1	1	1	2	1	1	1	1	2	1	1	1	1	1	1	1	1	1	2	1	1	2	1	1	1	1	1	1	1	2	1	1	1	1	1	1	1	1	1	1	1	1	1	1	1	1	1	1	1	2	1	1	1	1	1	1	1	1	1	1	1	1	1	1	1
ACL1058_H03	Lieb	24.6944	1500.113	2	2	1	2	1	2	1	2	1	2	1	1	1	1	1	2	2	2	1	1	1	2	1	1	1	1	1	1	1	1	2	1	1	1	1	1	1	1	1	1	1	1	1	1	1	1	1	1	1	1	1	1	1	1	1	1	1	1	1	1	1	1	1	1	1	1	1	1	1	1	1	1	1	1	1	1	1	1	1	1	1	1	1	1	1	1	1
ACL1060_C12 	Lieb	24.1315	1499.3111	2	1	2	1	2	1	1	2	1	1	1	1	1	2	1	1	2	1	1	1	2	2	1	1	1	1	1	1	1	1	2	1	1	1	1	1	1	1	1	1	1	1	1	1	1	1	1	1	1	1	1	1	1	1	1	1	1	1	1	1	1	1	1	1	1	1	1	1	1	1	1	1	1	1	1	1	2	1	1	1	1	1	1	1	1	1	1
ACL1063_G09	Lieb	95.9889	1505.6815	2	1	1	1	2	1	1	2	1	1	1	1	1	1	2	1	2	2	1	1	2	2	1	1	1	1	1	1	1	1	2	1	1	2	1	1	1	1	1	1	1	1	1	1	1	1	1	2	1	1	1	1	1	1	1	1	1	1	1	1	1	1	1	1	1	1	1	2	1	1	1	2	1	1	1	1	1	1	1	1	1	1	1	1	1	1	1
ACL1064_D05	Lieb	96.1593	1505.6685	1	2	1	1	1	2	2	2	2	1	1	1	1	1	2	2	1	1	1	2	2	1	1	1	1	2	1	1	1	2	1	1	1	1	1	2	1	1	1	2	1	1	2	1	1	1	1	1	1	1	1	1	1	1	1	1	1	1	1	1	1	1	1	1	1	1	1	1	1	1	1	1	1	1	1	1	1	1	1	1	1	1	1	1	1	1	1
ACL1066_E05	Lieb	-112.3704	1252.7648	2	2	1	2	1	1	1	2	1	1	1	1	1	1	2	1	1	2	2	1	1	1	1	1	2	1	1	1	1	1	2	2	1	1	1	1	1	1	1	1	1	1	1	2	1	1	1	1	1	1	1	1	1	1	1	1	1	1	1	2	1	1	1	1	1	1	1	1	1	1	1	1	1	1	1	1	1	1	1	1	1	1	1	1	1	1	1
ACL1071_B11	Lieb	-105.6593	1250.3685	2	2	1	2	1	1	1	2	1	2	1	1	1	1	1	1	2	2	2	1	1	1	1	1	2	2	1	1	1	2	2	2	1	1	1	1	1	2	1	1	1	1	1	1	1	1	1	1	1	1	1	1	2	1	1	1	1	1	1	1	1	1	1	1	1	1	1	2	1	1	1	1	1	1	1	1	1	1	1	1	1	1	1	1	1	1	1
ACL1077_B03	Lieb	-117.4519	1269.687	2	2	1	1	1	1	1	2	1	1	1	1	1	1	1	1	1	2	2	1	1	1	1	1	2	1	1	1	1	1	2	1	1	1	1	1	1	1	1	1	1	1	1	1	1	1	1	1	1	1	1	1	2	1	1	1	1	1	1	2	1	1	1	1	1	1	1	1	1	1	1	1	1	1	1	1	1	1	1	1	1	1	1	1	1	1	1
ACL1081_D02	Lieb	-125.9185	1275.0944	2	2	1	2	2	1	1	2	2	2	1	1	1	2	1	1	1	2	2	1	1	2	2	1	1	2	2	1	2	1	2	2	1	1	2	1	1	1	1	1	2	1	1	1	1	1	1	1	1	1	1	1	2	1	1	1	1	1	1	1	1	1	1	1	1	1	1	1	1	1	1	1	1	1	1	1	1	1	1	1	1	1	1	1	1	1	1
ACL1084_H01	Lieb	-127.9389	1276.4	2	2	1	1	1	2	2	1	1	1	1	1	1	1	2	1	1	1	2	1	2	1	1	2	1	1	1	1	1	1	1	1	1	2	1	1	1	1	1	2	1	1	1	1	2	1	1	1	1	1	1	1	1	1	1	1	1	1	1	1	1	1	1	1	1	1	2	1	1	1	1	2	1	1	1	1	1	1	1	1	1	1	1	1	1	1	1
ACL1088_F11	Lieb	-74.3778	1136.2241	2	2	1	2	1	1	1	2	1	1	1	1	1	1	2	1	1	2	2	1	2	1	1	1	1	1	1	1	1	1	1	1	1	1	1	1	1	1	1	1	1	1	1	1	1	1	1	2	1	1	1	2	2	1	1	1	1	1	1	1	1	1	1	2	1	1	1	1	1	1	1	1	1	1	1	1	1	1	1	1	1	1	1	1	1	1	1
ACL1090_D06	Lieb	-201.2889	1226.8463	2	2	1	2	1	1	1	2	1	1	1	1	1	1	2	1	2	2	2	1	1	1	1	1	1	2	1	1	1	1	2	2	1	1	1	1	1	2	1	1	1	2	1	1	1	1	1	1	1	1	1	1	2	1	1	1	1	1	1	1	1	1	1	1	1	1	1	2	1	1	1	1	1	1	1	1	1	1	1	1	1	1	1	1	1	1	1
ACL1092_A07	Lieb	-199.5926	1227.3222	2	2	1	2	1	2	2	2	1	1	1	1	1	1	1	1	2	2	2	2	1	1	1	1	2	1	1	2	2	1	2	2	1	1	2	1	2	2	1	1	1	2	1	2	1	1	1	1	1	1	1	1	2	1	1	1	1	1	1	1	1	1	1	1	1	1	1	1	1	1	1	2	1	1	1	1	1	1	1	1	1	1	1	1	1	1	1
ACL1093_F10	Lieb	-202.5796	1227.0204	2	2	1	2	2	1	1	2	1	2	1	1	1	1	1	1	1	2	2	1	1	2	2	1	2	2	2	1	1	1	2	2	2	1	2	1	1	2	2	1	1	1	1	2	1	1	1	1	1	1	1	1	2	1	1	1	1	1	1	1	1	1	1	1	1	1	1	1	1	1	1	1	1	1	1	1	1	1	1	1	1	1	1	1	1	1	1
ACL1094_D12	Lieb	-202.9185	1227.1926	2	2	1	2	1	1	1	2	1	1	1	1	1	1	1	1	2	2	1	2	1	1	1	1	2	1	1	1	1	1	2	2	1	1	1	1	1	2	1	1	1	1	1	1	1	1	1	1	1	1	1	1	2	1	1	1	1	1	1	1	1	1	1	1	1	1	1	1	1	1	1	1	1	1	1	1	1	1	1	1	1	1	1	1	1	1	1
ACL1097_A06	Lieb	-284.0815	1192.4352	2	2	1	1	1	2	1	2	1	1	1	1	1	1	2	1	1	2	2	1	1	2	1	1	2	1	1	1	1	1	1	2	1	1	1	1	1	2	1	1	1	1	1	1	1	1	1	1	1	1	1	2	1	1	1	1	1	1	1	2	1	1	1	1	1	1	1	2	1	1	1	1	1	1	1	1	1	1	1	1	1	1	1	1	1	1	1
ACL1102_H08	Lieb	-282.7574	1194.9574	2	2	2	1	1	1	1	2	1	2	1	1	1	1	1	1	2	2	2	1	1	2	1	1	2	1	1	2	1	1	2	2	1	1	1	1	1	2	1	1	1	1	1	1	1	1	1	1	1	1	1	1	1	1	1	1	1	1	1	2	1	1	1	1	1	1	1	2	1	1	1	1	1	1	1	1	1	1	1	1	1	1	1	1	1	1	1
ACL1105_G05 	Lieb	-282.5481	1195.1685	2	2	2	1	1	1	1	2	1	1	1	1	1	1	1	1	2	2	2	1	1	2	1	1	2	2	2	1	1	1	2	2	1	1	1	1	1	2	1	1	1	1	1	1	1	1	1	1	1	1	1	2	1	1	1	1	1	1	1	2	1	1	1	1	1	1	1	2	1	1	1	1	1	1	1	1	1	1	1	1	1	1	1	1	1	1	1
ACL1109_H07	Lieb	-283.1426	1193.9593	2	2	2	2	2	2	1	2	1	1	1	1	1	1	1	1	2	2	1	1	1	2	2	1	2	1	1	1	1	1	2	2	1	1	1	2	1	2	1	1	1	1	1	1	1	1	1	1	1	1	1	1	1	1	1	1	1	1	2	2	1	1	1	1	1	1	1	2	1	1	1	1	1	1	1	1	1	1	1	1	1	1	1	1	1	1	1
ACL1112_D12	Lieb	-258.6907	1177.3074	2	2	1	2	1	1	1	2	1	1	1	1	1	1	1	1	2	2	2	1	1	1	1	1	2	1	1	1	1	1	2	2	1	1	1	1	1	2	1	1	1	1	1	1	1	1	1	1	1	2	1	1	1	1	1	1	1	1	1	1	1	1	1	1	1	1	1	2	1	1	1	1	1	1	1	1	1	1	1	1	1	1	1	1	1	1	1
ACL1116_D11	Lieb	-257.4667	1176.7778	2	2	1	2	1	1	1	2	1	1	1	1	1	1	1	1	1	2	2	1	1	1	1	1	2	1	1	1	1	1	2	2	1	1	1	1	1	2	1	1	1	1	1	1	1	1	1	1	1	2	1	1	1	1	1	1	1	1	1	1	1	1	1	1	1	1	1	2	1	1	1	1	1	1	1	1	1	1	1	1	1	1	1	1	1	1	1
ACL1117_F09	Lieb	-257.6778	1176.5667	2	2	1	1	1	1	1	2	1	1	1	1	1	1	1	1	2	2	2	1	1	2	1	1	2	1	1	1	1	1	2	2	1	1	1	1	1	2	1	1	1	1	1	1	1	1	1	2	1	1	1	1	1	1	1	1	1	1	1	1	1	1	1	1	1	1	1	2	1	1	1	1	1	1	1	1	1	1	1	1	1	1	1	1	1	1	1
ACL1118_A11	Lieb	-258.8852	1178.4444	2	2	2	1	1	1	1	2	1	1	1	1	1	2	1	1	2	2	2	1	1	1	2	1	2	1	1	1	1	1	2	2	1	1	1	1	1	2	1	1	1	1	1	1	1	1	1	2	1	2	1	1	1	1	1	1	1	1	1	1	1	1	1	1	1	1	1	2	1	1	1	2	1	1	1	1	1	2	1	1	1	1	1	1	1	1	1
ACL1120_B02	Lieb	-259.1944	1178.887	2	2	1	1	1	1	1	2	1	1	1	2	1	1	1	1	1	2	2	1	2	1	1	1	2	1	2	1	1	1	2	2	1	1	1	1	1	2	1	1	1	1	1	2	1	1	1	1	2	2	1	1	1	1	1	1	1	1	1	1	1	1	1	1	1	1	1	2	1	1	1	1	1	1	1	1	1	1	1	1	1	1	1	1	1	1	1
ACL1122_E12	Lieb	-259.1778	1178.787	2	2	1	1	1	1	1	2	2	1	1	1	1	1	1	1	1	2	2	1	1	1	1	1	2	1	1	1	1	1	2	2	1	1	1	1	1	2	1	1	1	1	1	1	1	1	1	1	1	2	1	1	1	1	1	1	1	1	1	1	1	1	1	1	1	1	1	2	1	1	1	1	1	1	1	1	1	1	1	1	1	1	1	1	1	1	1
ACL1123_C11	Lieb	-188.0148	1150.7778	1	2	1	2	1	1	1	2	1	2	1	1	1	1	1	1	1	2	2	1	2	1	1	1	2	1	1	1	1	1	2	2	1	1	1	1	1	1	2	1	1	1	1	1	1	1	1	1	2	1	1	1	2	1	1	1	1	1	1	1	1	1	1	1	1	1	1	2	1	1	1	1	1	1	1	1	1	1	1	1	1	1	1	1	1	1	1
ACL1124_C03	Lieb	-185.6093	1149.4944	2	2	2	1	2	1	1	2	1	2	1	1	1	1	2	1	1	2	2	2	2	1	1	1	2	2	2	1	1	1	2	2	1	1	2	1	1	2	1	1	1	1	1	2	1	1	1	1	1	1	1	1	2	1	1	1	1	1	1	1	1	1	1	1	1	1	1	1	1	1	1	1	1	1	1	1	1	1	1	1	1	2	1	1	1	1	1
ACL1125_F08	Lieb	-184.3630	1148.637	2	2	2	2	1	2	1	2	1	1	1	1	1	1	1	1	2	2	2	1	1	2	1	1	2	1	1	2	1	1	2	2	1	1	1	1	2	2	1	1	1	1	1	1	1	1	1	2	2	1	1	1	2	1	1	1	1	1	1	2	1	1	1	1	1	1	1	2	1	1	1	1	1	1	1	1	1	1	1	1	1	1	1	1	1	1	1
ACL1126_B12	Lieb	-184.4630	1148.5407	2	2	1	2	2	1	1	2	1	2	1	1	1	1	1	1	2	2	2	1	1	1	1	1	2	1	2	1	1	1	2	2	1	1	1	1	1	2	1	1	1	1	1	1	1	1	1	1	1	1	1	1	2	1	1	1	1	1	1	1	1	1	1	1	1	1	1	1	1	1	1	1	1	1	1	1	1	1	1	1	1	1	1	1	1	1	1
ACL1127_C05	Lieb	-192.3722	1154.9407	2	2	1	2	1	1	1	2	1	1	1	1	1	1	1	1	1	2	2	1	1	1	1	1	2	2	1	1	1	1	2	2	1	1	1	1	1	2	2	1	2	1	1	2	1	1	1	1	1	1	1	1	2	1	1	1	1	1	1	1	1	1	1	1	1	1	1	2	1	1	1	1	1	1	1	1	1	1	1	1	1	1	1	1	1	1	1
ACL1128_D01	Lieb	-137.3685	1175.8352	1	1	1	1	1	1	2	1	2	1	1	1	1	1	1	2	1	1	1	1	2	1	1	1	1	1	1	1	1	1	1	1	1	1	1	1	1	1	1	1	1	1	1	1	2	1	1	1	1	1	1	1	1	1	1	1	1	1	1	1	1	1	1	1	1	1	2	1	1	1	1	2	2	1	1	1	1	1	1	1	1	1	1	1	1	1	1
ACL1129_H02	Lieb	-90.7852	1151.9963	2	2	2	1	1	1	1	1	1	2	1	1	1	1	1	1	2	2	2	1	1	1	1	2	2	1	1	1	1	1	2	1	1	1	1	1	1	2	1	1	1	1	1	1	1	2	1	2	1	2	1	1	2	1	1	1	1	1	1	2	1	1	1	1	2	1	2	1	1	1	2	1	1	1	1	1	1	1	1	1	1	1	1	1	1	1	1
ACL1130_D09	Lieb	-69.0389	1137.2019	2	2	2	2	1	1	1	2	1	1	1	1	1	1	2	1	2	2	2	1	2	1	1	1	2	1	1	1	1	1	2	1	1	1	1	1	1	2	1	1	1	1	1	1	1	1	1	2	1	1	1	1	2	1	1	1	1	1	1	1	1	1	1	1	1	1	1	2	1	1	1	1	1	1	1	1	1	2	1	1	2	1	1	1	1	1	1
ACL1132_E03	Lieb	-68.6741	1138.4352	2	2	2	1	1	1	1	2	1	2	1	1	1	1	1	1	2	2	2	1	1	1	1	1	2	2	2	1	1	1	2	1	1	1	1	1	1	1	1	1	2	1	1	1	1	1	1	2	1	1	1	1	2	1	1	1	1	1	1	1	1	1	1	1	1	1	1	2	1	1	1	1	1	1	1	1	1	1	1	1	1	1	1	1	1	1	1
ACL1135_A02	Lieb	-68.7074	1138.9111	2	2	1	2	1	1	1	2	1	2	1	1	2	1	1	1	2	2	2	1	1	1	1	1	2	2	1	1	1	1	2	2	1	1	1	1	1	2	1	1	1	2	1	2	1	1	1	1	1	1	1	1	1	1	1	1	1	1	1	1	1	1	1	1	1	1	1	2	1	1	1	1	1	1	1	1	1	1	1	1	1	1	1	1	1	1	1
ACL1137_G01	Lieb	-68.7148	1138.7852	2	2	2	1	1	1	1	2	2	1	2	1	1	1	1	1	2	2	2	1	1	1	1	1	2	1	1	1	1	1	2	1	1	1	2	1	1	2	1	1	1	1	1	1	1	1	1	1	2	1	1	1	2	1	1	1	1	1	1	1	1	1	1	1	1	1	1	2	1	1	1	1	1	1	1	1	1	1	1	1	1	1	1	1	1	1	1
ACL1139_B04 	Lieb	67.5833	1246.1667	2	2	2	1	1	1	1	2	1	1	1	1	1	1	2	1	2	2	2	1	2	1	1	1	1	1	1	1	1	1	2	2	1	1	1	1	1	2	1	1	1	1	1	1	1	1	1	1	1	2	1	1	2	1	1	1	1	1	1	1	1	1	1	1	1	1	1	1	1	1	1	1	1	1	1	1	1	1	1	1	1	1	1	1	1	1	1
ACL1143_A09	Lieb	67.2852	1246.013	2	2	1	2	1	1	1	1	1	1	1	1	1	1	1	1	2	2	2	1	2	1	1	2	1	2	1	1	1	1	2	2	1	1	1	1	1	1	1	1	1	1	1	1	1	1	1	2	1	1	1	1	1	1	1	1	1	1	1	1	1	1	1	1	1	1	1	1	1	1	1	1	1	1	1	1	1	1	1	1	1	1	1	1	1	1	1
ACL1148_D12	Lieb	67.9241	1246.05	2	2	2	2	1	1	1	2	1	1	1	1	2	1	1	1	2	2	2	1	2	1	1	1	2	2	1	1	1	1	2	1	1	1	2	1	1	2	1	1	1	1	1	1	1	2	1	2	1	1	1	1	2	1	1	1	1	1	1	1	1	1	1	1	1	1	1	1	1	1	1	1	1	1	1	1	1	1	1	1	1	1	1	1	1	1	1
ACL1151_F12	Lieb	63.7833	1250.4148	2	2	1	2	1	2	1	2	2	1	1	1	1	1	1	1	1	2	2	1	1	1	1	1	2	2	1	1	1	1	2	1	1	1	2	1	1	2	1	1	1	1	1	1	1	1	1	2	1	1	1	1	2	1	1	1	1	1	1	1	1	1	1	1	1	1	1	1	1	1	1	1	1	1	1	1	1	1	1	1	1	1	1	1	1	1	1
ACL1156_G12	Lieb	63.0352	1250.7	2	2	1	2	2	2	1	2	1	2	1	1	1	1	1	2	1	2	2	1	1	2	1	1	2	2	2	1	1	1	2	1	1	1	1	1	1	2	2	1	1	2	1	1	1	1	2	2	1	1	1	1	2	1	1	1	1	1	1	1	1	1	1	1	1	1	1	1	1	1	1	1	1	1	1	1	1	1	1	1	1	1	1	1	1	1	1
ACL1158_G06	Lieb	63.0889	1250.9352	2	2	1	1	1	1	1	2	1	2	1	1	1	1	2	1	2	2	1	1	1	1	1	1	2	1	1	1	1	1	2	1	1	1	1	1	1	2	1	1	1	1	1	1	1	1	1	2	1	1	1	1	2	1	1	1	1	1	1	1	1	1	1	1	1	1	1	1	1	1	1	1	1	1	1	1	1	1	1	1	1	1	1	1	1	1	1
ACL1160_G06	Lieb	66.1981	1245.213	2	2	1	2	1	1	1	2	2	1	1	1	2	1	2	1	2	2	1	1	1	1	1	1	2	2	1	1	1	1	2	1	1	1	1	1	1	1	1	1	1	1	1	1	1	1	1	1	1	1	1	1	2	1	1	1	1	1	1	1	1	1	1	1	1	1	1	1	1	1	1	1	1	1	1	1	1	1	1	1	1	1	1	1	1	1	1
ACL1162_B05	Lieb	66.9926	1244.4148	2	2	2	2	1	1	1	2	1	1	1	1	1	1	1	1	2	2	2	1	1	1	1	1	2	2	2	1	1	1	2	1	1	1	1	1	1	2	1	1	1	1	1	1	1	1	1	1	1	2	1	1	2	1	1	1	1	1	1	1	1	1	1	1	1	1	1	1	1	1	1	1	1	1	1	1	1	1	1	1	1	1	1	1	1	1	1
ACL1166_G03	Lieb	66.6611	1244.0796	2	2	1	2	1	1	1	2	1	1	1	1	1	1	1	1	2	2	2	1	1	1	1	1	2	1	1	1	1	1	2	1	1	1	1	1	1	2	1	1	2	1	1	1	1	1	1	2	1	1	1	1	2	1	1	1	1	1	1	1	1	1	1	1	1	1	1	2	1	1	1	1	1	1	1	1	1	1	1	1	1	1	1	1	1	1	1
ACL1170_A12	Lieb	66.5056	1245.2204	2	2	1	2	1	1	1	2	1	2	1	1	1	1	1	1	2	2	2	1	1	1	1	1	2	2	1	1	1	1	2	1	1	1	1	1	1	1	2	1	1	1	1	1	1	1	1	1	1	1	1	1	1	1	1	1	1	1	1	1	1	1	1	1	1	1	1	1	1	1	1	1	1	1	1	1	1	1	1	1	1	1	1	1	1	1	1
ACL1172_G12	Lieb	66.3259	1244.9648	2	2	1	2	1	1	1	2	1	1	1	1	2	1	1	1	1	2	2	1	1	1	1	1	2	1	1	1	1	1	2	2	1	1	1	1	1	2	1	1	1	1	1	1	1	1	1	1	1	1	1	1	2	1	1	1	1	1	1	1	1	1	1	1	1	1	1	2	1	1	1	1	1	1	1	1	1	1	1	1	1	1	1	1	1	1	1
ACL1176_B10	Lieb	62.3815	1234.7981	2	2	1	2	1	1	1	2	1	1	1	1	2	1	1	1	2	2	2	1	1	1	1	1	2	2	1	1	1	1	2	1	1	1	2	1	1	2	1	1	1	1	1	2	1	1	1	1	1	1	1	1	1	1	1	1	1	1	1	1	1	1	1	1	1	1	1	2	1	1	1	1	1	1	1	1	1	1	1	1	1	1	1	1	1	1	1
ACL1181_D03 	Lieb	62.3685	1234.4741	2	2	1	2	1	1	1	2	1	1	1	1	2	1	1	1	2	2	2	1	1	1	1	1	2	2	2	1	1	1	2	2	1	1	1	2	1	2	1	1	1	1	1	1	1	1	1	2	1	1	1	1	2	1	1	1	1	1	1	1	1	1	1	1	1	1	1	1	1	1	1	1	1	1	1	1	1	1	1	1	1	1	1	1	1	1	1
ACL1186_G08	Lieb	59.1815	1237.7963	2	2	1	2	1	1	1	2	1	2	1	2	1	1	1	1	2	2	1	1	2	1	1	1	1	2	1	1	1	1	2	1	1	1	1	1	1	2	1	1	1	1	1	2	1	2	1	2	1	1	1	1	2	1	1	1	1	1	1	1	1	1	1	1	1	1	1	2	1	1	1	1	1	1	1	1	1	1	1	1	1	1	1	1	1	1	1
ACL1189_E06 	Lieb	58.4444	1238.0759	2	2	1	2	1	1	1	2	1	1	1	1	1	1	1	1	2	2	2	1	1	1	1	1	2	2	2	1	1	1	2	2	1	1	2	1	1	2	1	1	1	2	1	1	1	1	1	2	1	1	1	1	2	1	1	1	1	1	1	1	1	1	1	1	1	1	1	1	1	1	1	1	1	1	1	1	1	1	1	1	1	1	1	1	1	1	1
ACL1192_C10	Lieb	-17.0778	1193.3315	2	2	1	2	1	1	1	2	1	1	1	1	1	1	1	1	1	2	2	1	1	1	1	1	1	2	1	1	1	1	2	1	1	1	1	1	1	2	1	2	1	1	1	2	1	1	1	1	1	1	1	1	2	1	1	1	1	1	1	1	1	1	1	1	1	1	1	1	1	1	1	1	1	1	1	1	1	1	1	1	1	1	1	1	1	1	1
ACL1194_C08	Lieb	-17.0056	1193.3315	2	2	1	1	1	2	1	2	1	1	1	1	1	1	2	1	2	2	2	1	1	1	1	1	2	1	1	1	1	1	2	2	1	1	1	1	1	1	1	1	1	1	1	1	1	1	1	2	1	1	1	1	2	1	1	1	1	1	1	2	1	1	1	1	1	1	1	2	1	1	1	1	1	1	1	1	1	1	1	1	1	1	1	1	1	1	1
ACL1198_E07	Lieb	-16.7130	1192.6907	2	2	1	1	1	1	1	2	1	1	1	1	1	1	2	1	2	2	2	1	1	1	1	1	2	2	1	1	1	1	2	2	1	1	1	1	1	2	1	1	1	1	1	1	1	1	1	1	1	1	1	1	1	1	1	1	1	1	1	1	1	1	1	1	1	1	1	1	1	1	1	1	1	1	1	1	1	1	1	1	1	1	1	1	1	1	1
ACL1203_D10	Lieb	-18.6889	1388.8722	2	2	2	2	1	1	1	2	1	2	1	1	1	1	2	1	2	2	2	1	2	1	1	1	1	2	1	1	1	1	2	1	1	2	1	1	1	2	1	1	1	1	1	1	1	1	1	2	1	1	1	1	2	1	2	1	1	1	1	1	1	1	1	2	1	1	1	2	1	1	1	1	1	1	1	1	1	1	1	1	1	1	1	1	1	1	1
ACL1205Ext8_F03	Lieb	50.3944	1131.0148	2	1	2	2	2	2	2	2	1	2	1	1	2	1	2	1	2	1	2	1	1	1	1	1	1	2	1	1	1	1	1	1	1	1	1	2	1	1	1	1	1	1	1	1	1	1	1	1	1	1	1	1	1	1	1	1	1	1	1	1	1	1	1	1	1	1	1	1	1	1	1	1	1	1	1	1	1	1	1	1	1	1	1	1	1	1	1
ACL1210_E09 	Lieb	50.6481	1130.7315	2	1	2	1	1	1	1	1	1	1	1	1	1	1	2	1	2	2	1	1	1	1	2	1	1	1	1	1	1	1	1	1	1	2	1	1	1	1	1	1	1	1	1	1	1	1	1	1	1	1	1	1	2	1	1	1	1	1	1	1	1	1	1	1	1	1	2	1	1	1	1	1	1	1	1	1	1	1	1	1	1	1	1	1	1	1	1
ACL1212_E06	Lieb	50.7148	1130.6463	2	2	1	2	1	1	2	2	1	1	1	1	1	1	1	1	2	1	1	1	1	1	1	1	2	1	1	1	1	1	2	1	1	1	1	1	1	2	1	1	1	1	1	1	1	1	1	1	1	1	2	1	1	1	1	1	1	1	1	1	1	1	1	1	1	1	1	1	1	1	1	1	1	1	1	1	1	1	1	1	1	1	1	1	1	1	1
ACL1214_H11	Lieb	55.0259	1241.9444	1	2	1	2	2	1	1	2	1	2	1	1	2	1	1	1	2	2	1	1	1	2	1	1	2	2	1	1	1	1	2	2	1	1	1	1	1	1	1	1	1	1	2	1	1	1	2	1	1	1	1	1	1	1	1	1	1	1	1	1	1	1	1	1	1	1	1	2	1	1	1	1	1	1	1	1	1	1	1	1	1	1	1	1	1	1	1
ACL1215_H04	Lieb	133.6267	1865.42	2	2	2	1	2	2	1	2	1	2	1	1	1	1	2	1	2	2	1	1	1	1	1	1	1	2	1	1	1	1	2	1	1	2	1	1	1	1	1	1	2	1	1	2	1	1	1	1	1	2	1	1	1	1	1	1	1	1	1	1	1	1	1	1	1	1	1	2	1	1	1	2	1	1	1	1	1	1	1	1	1	1	1	1	1	1	1
ACL1217_C09	Lieb	135.5667	1870.8889	2	2	2	1	2	2	1	1	1	2	1	1	2	1	1	1	2	2	1	1	2	1	1	1	2	1	1	1	1	1	2	1	1	1	1	1	1	1	1	1	1	1	1	1	1	1	1	2	1	2	1	1	1	1	1	1	1	1	1	1	1	1	1	1	1	1	1	2	1	1	1	2	1	1	1	1	1	2	1	1	1	1	1	1	1	1	1
ACL4152_E10	Danckel	37.6667	1023.8889	2	2	1	2	1	1	1	2	1	2	1	2	2	1	1	1	2	2	2	1	2	1	1	1	1	2	1	1	1	2	2	2	2	1	1	1	1	2	1	2	2	1	1	1	1	1	1	1	1	1	1	1	1	1	1	1	1	1	2	1	1	1	1	1	1	1	1	2	1	1	1	1	1	1	1	1	1	1	1	1	1	1	1	1	1	1	1
ACL4175_A04	Lieb	27.7778	1032.6667	2	2	1	1	1	1	1	2	1	1	1	2	1	1	1	1	2	2	1	1	2	1	1	1	1	2	1	1	1	2	2	1	1	1	1	2	1	1	1	1	2	1	1	1	1	1	1	1	1	1	1	1	1	1	1	1	1	1	1	1	1	1	1	1	1	1	1	1	1	1	1	1	1	1	1	1	1	1	1	1	1	1	1	1	1	1	1
ACL4200_D08	Lieb	21.7000	1117.2778	2	2	1	2	1	1	1	2	1	2	2	1	1	1	1	1	2	2	2	1	1	1	1	1	2	1	1	1	1	1	2	1	1	1	1	1	1	1	1	1	1	1	1	1	1	1	1	1	1	1	1	1	1	1	1	1	1	1	1	1	1	1	1	1	1	1	1	1	1	1	1	1	1	1	1	1	1	1	1	1	1	1	1	1	1	1	1
ACL4239_F04	Lieb	-14.3000	1261.1444	2	2	1	1	1	1	2	2	1	1	1	1	1	1	2	1	2	2	2	2	1	1	1	1	2	1	1	1	1	1	2	2	1	1	1	1	1	2	1	1	2	1	1	1	1	1	1	1	1	1	1	1	2	1	1	1	1	1	1	1	1	1	1	1	1	1	1	2	1	1	1	1	1	1	1	1	1	1	1	1	1	1	1	1	1	1	1
ACL4277_E06	Lieb	-13.7889	1262.5889	2	2	2	2	1	1	1	2	1	1	1	1	1	1	2	1	2	2	2	1	1	1	2	1	2	1	1	1	1	1	2	1	1	1	2	1	1	2	1	1	1	1	1	1	1	1	1	2	1	1	1	1	2	1	1	1	1	1	1	2	1	1	1	1	1	1	1	2	1	1	1	1	1	1	1	1	1	1	1	1	1	1	1	1	1	1	1
ACL4286_E11	Lieb	-360.7000	1156.7889	2	1	1	2	1	1	1	2	1	2	1	1	2	1	1	1	2	2	1	1	1	1	1	1	2	2	1	1	1	1	2	2	1	1	1	1	1	2	1	1	1	1	1	1	1	1	1	1	1	1	1	1	1	1	1	1	1	1	1	1	1	1	1	1	1	1	1	2	1	1	1	1	1	1	1	1	1	1	1	1	1	1	1	1	1	1	1
ACL4422Ext8_F05	Lieb	417.4167	1251.7778	2	2	1	1	2	2	1	2	1	2	1	1	1	1	1	1	2	2	1	1	2	2	2	1	1	1	1	1	1	1	2	2	1	1	1	1	1	1	1	1	1	1	1	1	1	1	1	1	1	1	1	1	1	1	1	1	1	1	1	1	1	1	1	1	1	1	1	2	1	1	1	2	1	1	1	1	1	1	1	1	1	1	2	1	1	1	1
ACL4448Ext8_B05	Lieb	-33.5630	1300.2815	2	2	1	2	1	1	1	2	1	1	1	1	2	1	1	1	1	2	2	1	2	1	1	1	2	2	1	1	1	1	2	1	1	1	2	1	1	2	1	1	1	2	1	1	1	1	1	1	1	1	1	1	2	1	1	1	1	1	1	1	1	1	1	1	1	1	1	2	1	1	1	1	1	1	1	1	1	1	1	1	1	1	1	1	1	1	1
ACL4451_B08	Lieb	-32.1167	1300.6259	2	2	1	1	1	1	1	2	1	1	1	1	2	1	1	1	2	2	1	1	1	1	1	1	2	2	1	1	1	1	2	1	1	1	1	1	1	2	1	1	1	1	1	1	1	1	1	2	1	1	1	1	1	1	1	1	1	1	1	1	1	1	1	1	1	1	1	2	1	1	1	1	1	1	1	1	1	1	1	1	1	1	1	1	1	1	1
END																																																																																										
H2				0	0.7944	0.3859	0.7646	0.4821	0.4026	0.4032	0.6446	0.3528	0.4815	0.4512	0.3059	0.444	0.0824	0.2081	0.307	0.286	0.8506	0.4732	0.704	0.7648	0.8674	0.9432	0.4709	0.7783	0.1873	0.1076	0.3811	0.745	0.5693	0.2494	0.7783	0.4064	0.8506	0.2045	0	0	0.5889	0.4709	0.4892	0.402	-0.1028	0	0.1245	1	0.6629	0	0.3432	1	0.6347	0	1	0.6999	0.4892	0	0	0	0	0	1	0	0	0	0	0	0	0.6629	0.6709	0	1	0	0.8028	0	1	0	1	0	0	0	0.6629	0	0.6629	0.4892	0	0	0	0
