// Example of AFLP dataset to be used to estimate the broad-sense heritability (H2) of each AFLP marker, following Ley & Hardy 2013 (Mol Ecol, in press). 																																																																																								
// 60 individuals were typed at 87 AFLP markers in two independent runs. 2= band present, 1=band absent.																																																																																								
// The broad-sense heritability of each marker is estimated by computing the Fst among categories (i.e. among individuals in this case). 																																																																																								
// Permutation tests allow an adequate test of the null hypothesis that h2=0.																																																																																								
// Note that the dataset is formated as for an haploid organism (6th format digit = 1) rather than as for a dominant marker.																																																																																								
120	60	0	87	1	1																																																																																			
0																																																																																								
DuplicatedSample	Individual	L2_49.028	L2_73.956	L2_76.676	L2_99.967	L2_104.329	L2_108.254	L2_110.877	L2_112.862	L2_120.619	L2_124.114	L2_132.803	L2_137.654	L2_140.171	L2_145.326	L2_152.477	L2_156.359	L2_158.63	L2_165.548	L2_167.746	L2_172.133	L2_174.139	L2_177.405	L2_181.708	L2_186.238	L2_189.442	L2_192.638	L2_194.814	L2_203.315	L2_205.541	L2_210.75	L2_213.437	L2_215.552	L2_220.847	L2_224.507	L2_231.012	L2_233.35	L2_236.311	L2_242.786	L2_248.061	L2_253.731	L2_255.955	L2_258.065	L2_264.35	L2_267.775	L2_273.067	L2_276.011	L2_279.8	L2_281.833	L2_284.267	L2_288.619	L2_304.8	L2_309.28	L2_312.291	L2_314.443	L2_329.1	L2_332.6	L2_336.1	L2_337.95	L2_339.92	L2_343.336	L2_347	L2_354.3	L2_359	L2_361.9	L2_363.2	L2_366.3	L2_374.638	L2_378.305	L2_381.62	L2_382.95	L2_387.6	L2_392.987	L2_395.9	L2_398.3	L2_405.6	L2_421.3	L2_428.75	L2_433.163	L2_441.8	L2_451.54	L2_456.8	L2_462.967	L2_464.847	L2_483.1	L2_485.8	L2_492.4	L2_493.5
ACL0035_F07 	ACL0035	2	2	1	1	1	1	1	2	1	2	2	1	1	1	1	1	2	2	1	1	1	2	1	1	1	1	1	1	1	1	2	1	1	1	1	1	1	1	1	1	2	1	1	1	1	1	1	1	1	1	1	1	1	1	1	1	1	1	1	1	1	1	1	1	1	1	1	2	1	1	1	2	1	1	1	1	1	1	1	1	1	1	1	1	1	1	1
ACL0035_D11	ACL0035	2	2	2	1	1	1	1	2	1	1	2	1	2	1	1	1	2	2	1	1	1	2	1	1	1	1	1	1	1	1	2	1	1	1	1	1	1	1	1	1	1	1	1	1	1	1	1	2	1	1	1	1	1	1	1	1	1	1	1	1	1	1	1	1	1	1	1	2	1	1	1	2	1	1	1	1	1	1	1	1	1	1	1	1	1	1	1
ACL0037_A02	ACL0037	2	2	1	1	1	2	1	2	1	1	1	1	1	1	1	2	1	2	1	1	2	2	1	1	1	1	1	1	1	1	2	1	1	1	1	1	1	1	1	1	1	1	1	1	1	1	1	1	1	1	1	1	1	1	1	1	1	1	1	1	1	1	1	1	1	1	1	2	1	1	1	2	1	1	1	1	1	1	1	1	1	1	1	1	1	1	1
ACL0037_H01	ACL0037	2	2	1	1	1	2	1	2	1	1	1	1	1	1	1	1	2	2	1	1	2	2	1	1	1	2	1	1	1	1	2	1	1	1	1	1	1	1	1	1	2	1	1	1	1	1	1	2	1	1	1	1	2	1	1	1	1	1	1	1	1	1	1	1	1	1	1	2	1	1	1	2	1	1	1	1	1	1	1	1	1	1	1	1	1	1	1
ACL0040_A01	ACL0040	2	2	2	1	1	1	1	2	1	1	2	1	2	1	2	1	2	2	2	1	2	2	1	1	2	2	1	1	1	1	2	1	2	1	1	1	1	1	1	1	1	1	1	1	1	1	1	2	1	1	1	1	1	1	1	1	1	1	1	1	1	1	1	1	1	1	1	1	1	1	1	1	1	1	1	1	1	1	1	1	1	1	1	1	1	1	1
ACL0040Ext8_A07	ACL0040	2	2	1	1	1	1	1	2	1	2	1	2	1	1	1	1	1	2	1	1	2	2	1	1	1	1	1	1	1	1	2	1	1	1	1	1	1	1	1	1	1	1	1	1	1	1	1	1	1	1	1	1	1	1	1	1	1	1	1	1	1	1	1	1	1	1	1	1	1	1	1	1	1	1	1	1	1	1	1	1	1	1	1	1	1	1	1
ACL0040_A08 	ACL0040b	2	2	2	1	1	1	1	2	1	1	1	1	2	1	2	1	2	2	2	1	2	2	1	1	1	1	1	1	1	1	2	2	1	1	1	1	1	1	1	1	1	1	1	1	1	1	1	2	1	1	1	1	1	1	1	1	1	1	1	1	1	1	1	1	1	1	1	1	1	1	1	2	1	1	1	1	1	1	1	1	1	1	1	1	1	1	1
ACL0040_D01	ACL0040b	2	2	1	1	1	1	1	2	1	1	1	1	1	2	1	1	2	2	1	1	2	2	1	1	1	1	1	1	1	1	2	1	1	1	1	1	1	1	1	1	1	2	1	1	1	1	1	2	1	1	1	1	1	1	1	1	1	1	1	1	1	1	1	1	1	1	1	1	1	1	1	2	1	1	1	1	1	1	1	1	1	1	1	1	1	1	1
ACL0048_A03	ACL0048	2	2	1	1	1	1	1	2	1	1	1	1	1	1	1	1	2	2	2	1	2	1	1	1	1	1	1	1	1	1	2	2	1	1	1	1	1	2	1	1	2	2	1	1	1	1	1	1	1	1	1	1	1	1	1	1	1	1	1	1	1	1	1	1	1	1	1	2	1	1	1	1	1	1	1	1	1	1	1	2	1	1	1	1	1	1	1
ACL0048_A04	ACL0048	2	2	1	1	1	1	1	2	1	1	1	1	1	1	1	1	1	2	2	1	2	1	1	1	1	1	1	1	1	1	2	2	1	1	1	1	1	2	1	1	2	1	1	1	1	1	1	1	1	1	1	1	1	1	1	1	1	1	1	1	1	1	1	1	1	1	1	2	1	1	1	1	1	1	1	1	1	1	1	2	1	1	1	1	1	1	1
ACL0049_G11	ACL0049	1	2	1	1	1	1	1	2	1	1	1	1	1	1	1	1	2	2	1	1	2	1	1	1	1	1	1	1	1	1	2	1	1	1	1	1	1	2	1	1	2	1	1	1	1	1	1	2	1	1	1	1	2	1	1	1	1	1	1	1	1	1	1	1	1	1	1	1	1	1	1	1	1	1	1	1	1	1	1	1	1	1	1	1	1	1	1
ACL0049Ext8_A11	ACL0049	2	2	1	1	1	2	1	2	1	1	1	1	1	1	1	1	2	2	2	1	2	1	1	1	1	1	2	1	1	1	2	1	1	1	2	1	1	2	1	1	2	1	1	1	1	1	1	2	1	1	1	1	2	1	1	1	1	1	1	1	1	1	1	1	1	1	1	1	1	1	1	1	1	1	1	1	1	1	1	1	1	1	1	1	1	1	1
ACL0051_F12	ACL0051	2	2	1	1	1	1	1	2	1	1	1	1	1	1	1	1	1	2	1	1	2	2	1	1	1	2	1	1	1	1	2	1	1	1	1	1	1	1	1	1	1	1	1	1	1	1	1	2	1	1	1	1	2	1	1	1	1	1	1	1	1	1	1	1	1	1	1	2	1	1	1	2	1	1	1	1	1	1	1	1	1	1	1	1	1	1	1
ACL0051Ext8_G05	ACL0051	2	2	1	1	1	1	1	2	1	1	1	1	1	1	1	1	2	2	1	1	2	2	1	1	1	1	1	1	1	1	2	1	1	1	1	1	1	1	1	1	2	2	1	1	1	1	1	2	1	1	1	1	1	1	1	1	1	1	1	1	1	1	1	1	1	1	1	2	1	1	1	2	1	1	1	1	1	1	1	1	1	1	1	1	1	1	1
ACL0058_A03	ACL0058	2	2	2	1	1	2	2	2	1	1	1	1	1	2	1	1	1	2	2	1	2	1	2	1	1	2	1	1	1	1	2	2	1	1	1	1	1	1	1	1	1	1	1	2	1	2	1	2	1	1	1	1	1	1	1	1	1	1	1	1	1	1	1	1	1	1	1	2	1	1	1	2	1	1	1	1	1	1	1	1	1	1	1	1	1	1	1
ACL0058Ext8_A01	ACL0058	2	2	2	1	1	1	1	2	1	1	1	1	1	1	1	1	1	2	1	1	1	1	2	1	1	2	1	1	1	1	2	1	1	1	1	1	1	1	1	1	1	1	1	2	1	2	1	2	1	1	1	1	1	1	1	1	1	1	1	1	1	1	1	1	1	1	1	2	1	1	1	2	1	1	1	1	1	1	1	1	1	1	1	1	1	1	1
ACL0624_C04	ACL0624	2	2	1	1	1	1	1	2	1	2	1	1	1	1	1	1	2	2	1	1	2	1	1	1	1	1	1	1	1	1	2	2	1	1	1	1	1	2	1	1	2	1	1	1	1	1	1	1	1	1	1	1	1	1	1	1	1	1	1	1	1	1	1	1	1	1	1	2	1	1	1	1	1	1	1	1	1	1	1	1	1	1	1	1	1	1	1
ACL0624_C10	ACL0624	2	2	2	1	1	1	1	2	2	2	1	1	1	1	2	1	2	2	1	1	2	1	1	1	1	1	1	1	1	1	2	2	1	1	1	1	1	2	1	1	2	1	1	1	1	1	1	1	1	1	1	1	1	1	1	1	1	1	1	1	1	1	1	1	1	1	1	2	1	1	1	1	1	1	1	1	1	1	1	1	1	1	1	1	1	1	1
ACL0651_C07	ACL0651	2	2	1	1	1	1	1	2	1	1	1	1	1	1	1	1	2	2	1	2	2	2	1	1	1	1	1	1	1	1	2	1	1	1	1	1	1	1	1	1	1	2	1	1	1	1	1	1	1	1	1	1	1	1	1	1	1	1	1	1	1	1	1	1	1	1	1	1	1	1	1	2	1	1	1	1	1	1	1	1	1	1	2	1	1	1	1
ACL0651Ext8_E01	ACL0651	2	2	1	1	1	2	1	2	1	1	1	1	1	1	1	1	2	2	1	2	2	2	1	1	1	1	1	1	1	1	2	1	1	1	1	1	1	1	1	1	1	1	1	1	1	1	1	2	1	1	1	1	1	1	1	1	1	1	1	1	1	1	1	1	1	1	1	1	1	1	1	2	1	1	1	1	1	1	1	1	1	1	1	1	1	1	1
ACL0663_B01	ACL0663	2	2	1	1	1	1	1	2	2	1	2	1	2	2	2	1	2	2	1	1	2	2	1	1	2	1	1	1	1	1	2	1	1	1	1	1	1	1	1	1	1	2	1	1	1	1	1	1	1	1	1	1	1	1	1	1	1	1	1	1	1	1	1	1	1	1	1	1	1	1	1	2	1	1	1	1	1	1	1	1	1	1	1	1	1	1	1
ACL0663_D05	ACL0663	2	2	2	1	1	1	2	2	1	2	2	1	2	1	2	1	2	2	1	1	2	2	1	1	2	1	1	1	1	1	2	1	1	1	1	1	1	1	1	1	1	1	1	2	1	1	1	1	1	1	1	1	1	1	1	1	1	1	1	1	1	1	1	1	1	1	1	1	1	1	1	2	1	1	1	1	1	1	1	1	1	1	1	1	1	1	1
ACL0692_F04	ACL0692	2	2	1	2	1	2	1	2	1	1	1	1	1	1	2	2	2	2	2	1	2	2	1	1	1	2	1	1	1	1	2	1	1	1	1	1	1	1	1	1	1	1	1	1	1	1	1	1	1	1	1	1	2	1	1	1	1	1	1	1	1	1	1	1	1	1	1	1	1	1	1	2	1	1	1	1	1	1	1	1	1	1	1	1	1	1	1
ACL0692_H09	ACL0692	2	2	1	2	1	1	1	2	1	1	1	1	1	1	1	2	2	2	2	1	2	2	1	1	1	2	1	1	1	1	2	1	1	1	1	1	1	1	1	1	2	1	1	1	1	1	1	1	1	1	1	1	1	2	1	1	1	1	1	1	1	1	1	1	1	1	1	1	1	1	1	2	1	1	1	1	1	1	1	1	1	1	1	1	1	1	1
ACL0697_E01	ACL0697	2	2	1	1	2	2	1	2	1	2	1	1	1	1	1	1	2	2	1	1	2	2	1	2	1	2	1	1	1	1	2	1	1	1	1	1	1	1	1	1	1	2	1	1	1	1	1	2	1	1	1	1	1	1	1	1	1	1	1	1	1	1	1	1	1	1	1	1	1	1	1	2	1	1	1	1	1	1	1	1	1	1	1	1	1	1	1
ACL0697_E10	ACL0697	2	2	1	1	1	2	1	2	1	2	1	1	1	1	1	1	2	2	1	1	2	2	1	1	1	1	1	1	1	1	2	1	1	1	1	1	1	1	1	1	2	1	1	1	1	1	1	1	1	1	1	1	1	1	1	1	1	1	1	1	1	1	1	1	1	1	1	1	1	1	1	2	1	1	1	1	1	1	1	1	1	1	1	1	1	1	1
ACL0709_C02	ACL0709	2	2	1	1	1	2	1	2	1	1	1	1	1	1	1	1	1	2	1	1	2	2	1	1	1	1	1	1	1	1	2	2	1	1	1	1	1	1	1	1	2	1	1	1	1	1	1	1	1	1	1	1	1	1	1	1	1	1	1	1	1	1	1	1	1	1	1	1	1	1	1	1	1	1	1	1	1	1	1	1	1	1	1	1	1	1	1
ACL0709_C08 	ACL0709	2	2	1	1	1	1	2	2	1	1	1	1	2	1	2	1	2	2	2	1	2	1	1	2	1	1	1	1	1	1	2	1	1	1	1	1	1	2	1	1	1	1	1	1	1	1	1	2	1	1	1	1	1	1	1	1	1	1	1	1	1	1	1	1	1	1	1	2	1	1	1	2	1	1	1	1	1	1	1	2	1	1	1	1	1	1	1
ACL0709_C11	ACL0709b	2	2	1	1	1	1	1	2	1	1	1	1	1	1	1	1	2	2	1	1	2	2	1	1	1	1	2	1	1	1	2	1	1	1	1	1	1	1	2	1	1	1	1	1	1	2	1	1	1	1	1	1	1	1	1	1	1	1	1	1	1	1	1	1	1	1	1	2	1	1	1	2	1	1	1	1	1	1	1	1	1	1	1	1	1	1	1
ACL0709_F07	ACL0709b	2	2	1	1	1	2	1	2	1	1	1	1	1	1	1	1	1	2	1	1	2	2	1	1	1	1	1	1	1	1	2	1	1	1	1	1	1	1	1	1	2	1	1	1	1	1	1	1	1	1	1	1	1	1	1	1	1	1	1	1	1	1	1	1	1	1	1	1	1	1	1	1	1	1	1	1	1	1	1	1	1	1	1	1	1	1	1
ACL0711Ext8_A09	ACL0711	2	2	2	1	1	2	1	2	1	1	1	1	2	1	2	1	2	2	1	1	2	2	1	2	1	1	1	1	2	1	1	1	1	1	1	1	1	1	1	1	1	1	1	2	1	1	1	1	1	1	1	1	1	1	1	1	1	1	1	1	1	1	1	1	1	1	1	2	1	1	1	2	1	1	1	1	1	1	1	1	1	1	1	1	1	1	1
ACL0711_H07	ACL0711	2	2	2	1	1	2	1	2	1	1	1	1	2	1	1	1	2	2	1	1	2	2	1	2	1	1	1	1	2	1	2	1	1	1	1	1	1	1	1	1	1	1	1	1	1	1	1	1	1	1	1	1	1	1	1	1	1	1	1	1	1	1	1	1	1	1	1	1	1	1	1	1	1	1	1	1	1	1	1	1	1	1	1	1	1	1	1
ACL0719_B02	ACL0719	2	2	1	2	2	2	1	2	1	1	2	1	1	1	1	1	2	2	1	1	2	2	1	1	1	1	1	1	1	1	2	1	1	1	1	1	1	1	1	1	2	1	1	1	1	1	1	1	1	1	1	1	1	1	1	1	1	1	1	1	1	1	1	1	1	1	1	1	1	1	1	2	1	1	1	1	1	1	1	1	1	1	1	1	1	1	1
ACL0719_D06	ACL0719	2	2	1	2	1	2	1	2	1	1	1	1	1	1	2	1	2	2	1	1	2	2	1	1	1	1	1	1	1	1	2	1	1	1	1	1	1	1	1	1	2	1	1	1	1	1	1	1	1	1	1	1	1	1	1	1	1	1	1	1	1	1	1	1	1	1	1	1	1	1	1	2	1	1	1	1	1	1	1	1	1	1	1	1	1	1	1
ACL0720_G06	ACL0720	2	2	1	1	2	1	1	2	1	1	1	1	1	1	1	1	1	2	2	1	1	1	2	1	1	1	1	1	1	1	2	2	1	1	1	1	1	1	1	1	1	1	1	1	1	1	1	1	1	1	1	1	1	1	1	1	1	1	1	1	1	1	1	1	1	1	1	1	1	1	1	2	1	1	1	1	1	1	1	1	1	1	1	1	1	1	1
ACL0720_C07 	ACL0720	2	2	1	1	2	1	1	2	1	2	1	1	1	1	1	1	2	2	2	1	2	1	2	1	1	1	1	1	1	2	2	2	2	1	1	1	1	2	1	1	1	1	1	1	1	1	1	1	1	1	1	1	1	1	1	1	1	1	1	1	1	1	1	1	1	1	1	2	1	1	1	2	1	1	1	1	1	1	1	1	1	1	1	1	1	1	1
ACL0721_E09	ACL0721	2	2	1	1	1	1	1	2	1	1	1	1	1	1	1	1	2	1	1	1	2	1	2	1	1	1	1	1	2	1	2	2	1	1	1	1	1	1	1	1	1	1	1	1	1	1	1	1	1	1	1	1	1	1	1	1	1	1	1	1	1	1	1	1	1	1	1	2	1	1	1	2	1	1	1	1	1	1	1	1	1	1	1	1	1	1	1
ACL0721_F03	ACL0721	2	2	1	1	2	2	1	2	1	1	1	1	1	1	1	1	1	2	1	1	2	2	2	1	1	2	2	1	1	1	2	2	1	1	1	1	1	2	1	1	2	1	1	1	1	1	1	1	1	1	1	1	1	1	1	1	1	1	1	1	1	1	1	1	1	1	1	2	1	1	1	2	1	1	1	1	1	1	1	1	1	1	1	1	1	1	1
ACL0724_A09	ACL0724	2	2	1	1	2	1	1	2	1	1	1	1	1	1	1	1	1	2	1	1	1	1	2	1	1	2	1	1	1	1	2	2	1	1	1	1	1	1	1	1	1	1	1	1	1	1	1	1	1	1	1	1	1	1	1	1	1	1	1	1	1	1	1	1	1	1	1	2	1	1	1	2	1	1	1	1	1	1	1	1	1	1	1	1	1	1	1
ACL0724_A10	ACL0724	2	2	1	1	2	1	1	2	1	1	1	1	1	1	1	1	1	2	1	1	1	1	2	1	1	1	1	1	1	1	2	2	1	1	1	1	1	1	1	1	2	1	1	1	1	1	1	1	1	1	1	1	1	1	1	1	1	1	1	1	1	1	1	1	1	1	1	2	1	1	1	2	1	1	1	1	1	1	1	1	1	1	1	1	1	1	1
ACL0736_B02	ACL0736	2	2	1	1	1	1	1	2	1	1	1	1	1	1	1	1	1	2	1	1	1	1	2	1	1	1	1	1	1	1	2	1	1	1	1	1	1	2	1	1	1	1	1	1	1	1	1	1	1	1	1	1	2	1	1	1	1	1	1	1	1	1	1	1	1	1	1	2	1	1	1	2	1	2	1	1	1	1	1	1	1	1	1	1	1	1	1
ACL0736_D07 	ACL0736	2	2	1	1	1	1	1	2	1	1	1	1	2	1	1	1	2	2	2	1	2	1	2	1	1	1	1	1	1	1	2	1	2	1	1	1	1	2	1	1	1	1	1	2	1	1	1	1	1	1	1	1	1	1	1	1	1	1	1	1	1	1	1	1	1	1	1	2	1	1	1	2	1	2	1	1	1	2	1	1	1	1	1	1	1	1	1
ACL0744_D04	ACL0744	2	2	1	1	1	1	2	2	1	2	1	1	1	2	2	1	2	1	2	1	2	1	2	1	2	2	1	1	1	2	2	2	1	1	1	1	1	2	1	1	1	1	1	1	1	1	1	1	1	1	1	1	1	1	1	1	1	1	1	1	1	1	1	1	1	1	1	2	1	1	1	2	1	1	1	1	1	1	1	1	1	1	1	1	1	1	1
ACL0744_E09	ACL0744	2	2	1	1	1	2	2	2	1	1	1	1	1	2	1	1	2	1	1	1	2	1	2	1	1	2	1	1	2	1	2	2	1	1	1	1	1	2	1	1	1	1	1	1	1	1	1	1	1	1	1	1	1	1	1	1	1	1	1	1	1	1	1	1	1	1	1	2	1	1	1	2	1	1	1	1	1	1	1	1	1	1	1	1	1	1	1
ACL0776_F02	ACL0776	2	2	1	1	1	2	1	2	1	1	2	1	1	1	1	1	1	2	1	1	2	2	1	1	1	2	1	1	1	1	2	1	1	1	1	1	1	1	1	1	2	1	1	2	1	1	1	1	1	1	1	1	1	1	1	1	1	1	1	1	1	1	1	1	1	1	1	2	1	1	1	2	1	1	1	1	1	1	1	1	1	1	1	1	1	1	1
ACL0776_F10	ACL0776	2	2	1	1	1	2	1	2	1	1	2	1	1	1	1	1	1	2	1	1	2	2	1	1	1	2	1	1	1	1	2	1	1	1	1	1	1	1	1	1	2	1	1	2	1	1	1	2	1	1	1	1	1	1	1	1	1	1	1	1	1	1	1	1	1	1	1	2	1	1	1	2	1	1	1	1	1	1	1	1	1	1	1	1	1	1	1
ACL0792_A11	ACL0792	2	2	1	1	1	2	1	2	2	1	1	1	1	1	1	1	1	2	1	1	2	2	1	1	1	2	1	1	2	1	2	1	1	1	1	1	1	1	1	1	2	1	1	1	1	1	1	2	1	1	1	1	1	2	1	1	1	1	1	1	1	1	1	1	1	1	1	2	1	1	1	2	1	1	1	1	1	1	1	1	1	1	1	1	1	1	1
ACL0792_G01	ACL0792	2	2	1	1	1	2	1	2	2	1	1	1	1	1	1	1	1	2	1	1	2	2	1	1	1	1	2	1	2	1	2	1	1	1	1	1	1	1	1	1	2	1	1	1	1	1	1	2	1	1	1	1	1	2	1	1	1	1	1	1	1	1	1	1	1	1	1	2	1	1	1	2	1	1	1	1	1	1	1	1	1	1	1	1	1	1	1
ACL0821_F03	ACL0821	2	2	2	1	2	1	1	2	2	2	2	1	1	2	1	1	2	2	1	1	2	2	1	1	1	1	1	1	1	1	2	1	1	1	2	1	1	1	1	1	1	1	1	1	1	1	1	2	1	1	1	1	1	1	1	1	1	1	1	1	1	1	1	1	1	1	1	1	1	1	1	1	1	1	1	1	1	1	1	1	1	1	1	1	1	1	1
ACL0821_H12	ACL0821	2	2	1	1	2	2	1	2	2	1	1	1	1	1	1	1	2	2	1	1	2	2	1	2	1	1	1	1	1	1	1	1	1	1	1	1	1	1	1	1	1	1	1	1	1	1	2	1	1	1	1	1	1	2	1	1	1	1	1	1	1	1	1	1	1	1	1	1	1	1	1	1	1	1	1	1	1	1	1	1	1	1	1	1	1	1	1
ACL0834Ext8_A11	ACL0834	2	2	1	1	2	1	1	2	1	2	1	1	1	1	1	1	1	2	1	1	1	1	1	1	1	1	1	1	1	1	2	1	1	1	1	1	1	1	1	1	1	1	1	2	1	1	1	1	1	1	1	1	1	1	1	1	1	1	1	1	1	1	1	1	1	1	1	1	1	1	1	1	1	1	1	1	1	1	1	1	1	1	1	1	1	1	1
ACL0834_D03	ACL0834	2	2	1	1	2	2	1	1	1	2	1	1	1	1	1	1	1	2	1	1	1	1	1	1	1	1	1	1	1	1	2	1	1	1	1	1	1	2	1	1	2	1	1	1	1	1	1	1	1	2	1	1	1	1	1	1	1	1	1	1	1	1	1	1	1	1	1	1	1	1	1	1	1	1	1	1	1	1	1	1	1	1	1	1	1	1	1
ACL0834_G04	ACL0834b	2	2	1	1	2	1	1	2	1	2	1	1	1	1	1	1	1	2	1	1	1	1	1	1	1	1	1	1	1	1	2	1	1	1	1	1	1	1	1	1	1	1	1	1	1	1	1	1	1	2	1	1	1	1	1	1	1	1	1	1	1	1	1	1	1	1	1	1	1	1	1	1	1	1	1	1	1	1	1	1	1	1	1	1	1	1	1
ACL0834_H10	ACL0834b	2	2	1	1	2	1	1	1	1	2	1	1	1	1	1	1	2	2	2	1	1	1	1	1	1	1	1	1	1	1	1	1	1	1	1	1	1	1	1	1	1	1	1	1	1	1	1	1	1	1	1	1	1	1	1	1	1	1	1	1	1	1	1	1	1	1	1	1	1	1	1	1	1	1	1	1	1	1	1	1	1	1	1	1	1	1	1
ACL0857Ext8_D05	ACL0857	2	2	2	1	2	2	1	2	1	1	1	1	1	1	1	1	2	2	2	1	2	2	1	1	2	1	1	1	1	1	2	1	1	1	1	1	1	1	1	1	1	2	1	1	1	1	1	1	1	2	1	1	1	1	1	1	1	1	2	1	1	1	1	1	1	1	1	1	1	1	1	2	1	1	1	1	1	1	1	1	1	1	1	1	1	1	1
ACL0857_E05	ACL0857	2	2	1	2	2	2	1	2	1	2	1	1	1	1	1	1	2	2	1	1	2	2	1	1	1	2	1	1	1	1	2	1	1	1	1	1	1	2	1	2	1	1	1	2	1	1	1	2	1	1	1	1	1	1	1	1	1	1	1	1	1	1	1	1	1	1	1	1	1	1	1	2	1	1	1	1	1	1	1	1	1	1	1	1	1	1	1
ACL0882_E07 	ACL0882	2	2	1	1	1	2	1	2	1	1	1	1	2	1	1	1	2	2	2	1	2	1	1	1	1	1	1	2	2	2	2	2	1	1	1	1	1	1	1	1	1	1	1	1	1	1	1	1	1	1	1	2	1	1	1	1	1	1	1	1	1	1	1	1	1	1	1	1	1	1	1	1	1	1	1	1	1	1	1	1	1	1	1	1	1	1	1
ACL0882_H11	ACL0882	2	2	1	1	1	2	1	2	1	1	1	1	1	1	1	1	2	2	2	1	2	1	1	1	1	1	1	1	2	2	2	2	1	1	1	1	1	1	1	1	1	1	1	1	1	1	1	1	1	1	1	2	1	1	1	1	1	1	1	1	1	1	1	1	1	1	1	1	1	1	1	1	1	1	1	1	1	1	1	1	1	1	1	1	1	1	1
ACL0931_F06	ACL0931	2	2	1	1	2	2	1	2	1	1	1	2	1	1	1	1	2	2	2	1	2	2	1	2	1	1	1	1	1	2	2	2	2	1	1	1	1	2	1	1	2	1	1	1	1	1	1	2	1	1	1	1	1	1	1	1	1	1	1	1	1	1	1	1	1	1	1	1	1	1	1	2	1	1	1	1	1	1	1	1	1	1	1	1	1	1	1
ACL0931_F07	ACL0931	2	2	1	1	2	2	1	2	1	1	1	2	1	1	1	1	2	2	2	1	2	2	1	1	1	1	1	1	1	2	2	2	2	1	1	1	1	2	1	1	1	1	1	1	1	1	1	2	1	1	1	1	1	1	1	1	1	1	1	1	1	1	1	1	1	1	1	1	1	1	1	2	1	1	1	1	1	1	1	1	1	1	2	1	1	1	1
ACL0992_F07	ACL0992	2	2	1	1	1	2	2	1	1	1	1	1	2	1	2	1	2	2	1	2	2	2	1	1	1	1	1	1	1	2	2	1	2	1	1	1	1	1	1	1	2	1	1	1	1	1	1	1	1	1	1	1	1	1	1	1	1	1	1	1	1	1	1	1	1	1	1	2	1	1	1	2	1	1	1	1	1	1	1	1	1	1	1	1	1	1	1
ACL0992_H06	ACL0992	2	2	1	1	1	1	2	1	2	1	1	2	2	1	1	1	2	2	1	2	2	1	1	1	1	1	1	2	1	2	2	1	2	1	1	1	1	1	1	1	2	1	1	2	1	1	1	1	1	1	1	1	1	1	1	1	1	1	1	1	1	1	1	1	1	1	1	2	1	1	1	2	1	1	1	1	1	1	1	1	1	1	1	1	1	1	1
ACL4438_C09	ACL4438	2	2	1	1	1	2	1	2	1	2	1	1	1	1	2	1	1	2	1	1	2	2	1	1	1	2	2	1	1	1	2	1	1	2	1	1	2	1	1	1	2	1	1	1	1	1	1	2	1	1	1	1	1	1	1	1	1	1	1	1	1	1	1	1	1	1	1	1	1	1	1	2	1	1	1	2	1	1	1	1	1	1	1	1	1	1	1
ACL4438_D02	ACL4438	2	2	1	1	1	2	1	2	1	1	1	1	1	1	1	1	1	2	1	1	2	2	1	1	1	1	1	1	1	1	2	1	1	1	1	1	1	2	1	1	2	1	1	2	1	1	1	2	1	1	1	1	1	1	1	1	1	1	1	1	1	1	1	1	1	1	1	2	1	1	1	2	1	1	1	2	1	1	1	1	1	2	1	1	1	1	1
ACL4439_A12	ACL4439	2	2	2	1	2	2	1	2	2	2	1	1	1	2	1	1	1	2	2	1	2	2	2	1	2	1	2	2	2	1	2	1	1	1	1	1	2	1	1	1	2	1	1	1	1	1	1	2	1	1	1	1	1	1	1	1	1	1	1	1	1	1	1	1	1	1	1	2	1	2	1	2	1	1	1	1	1	1	1	1	1	1	1	1	1	1	1
ACL4439_E04	ACL4439	2	2	1	1	1	1	1	2	1	1	1	1	1	1	1	1	1	2	2	1	2	2	2	1	1	1	1	2	1	1	2	1	1	1	1	1	1	1	1	1	2	2	1	1	1	1	1	2	1	1	1	1	1	1	1	1	1	1	1	1	1	1	1	1	1	1	1	2	1	2	1	2	1	1	1	1	1	1	1	1	1	1	1	1	1	1	1
ACL1026_B07	ACL1026	2	2	2	2	1	1	1	2	1	1	1	1	1	1	1	1	2	2	2	1	1	1	1	1	2	2	1	1	1	1	2	2	2	1	1	1	1	2	1	1	1	1	1	2	1	1	1	1	1	1	1	1	1	1	1	1	1	1	1	1	1	1	1	1	1	1	1	1	1	1	1	1	1	1	1	1	1	1	1	1	1	1	1	1	1	1	1
ACL1026_E03	ACL1026	2	2	1	2	1	1	1	2	1	1	1	1	1	1	1	1	2	2	2	1	1	1	1	1	2	2	1	1	1	1	2	2	1	1	1	1	1	2	1	1	1	1	1	2	1	1	1	2	1	1	1	1	1	1	1	1	1	1	1	1	1	1	1	1	1	1	1	1	1	1	1	1	1	1	1	1	1	1	1	1	1	1	1	1	1	1	1
ACL1045_C09	ACL1045	2	2	1	1	1	1	1	2	1	1	1	1	1	1	1	1	1	2	1	1	2	2	1	1	1	1	1	1	1	1	2	1	1	1	1	1	1	1	1	1	1	1	1	1	1	1	1	1	1	1	1	1	1	1	1	1	1	1	1	1	1	1	1	1	1	1	1	1	1	1	1	2	1	1	1	1	1	1	1	1	1	1	1	1	1	1	1
ACL1045Ext8_G07	ACL1045	2	2	1	1	1	1	1	2	1	1	1	1	1	1	1	1	2	2	1	1	2	2	1	1	1	1	1	1	1	1	2	1	1	1	1	1	1	1	1	1	1	1	1	1	1	1	1	1	1	1	1	1	1	1	1	1	1	1	1	1	1	1	1	1	1	1	1	1	1	1	1	2	1	1	1	1	1	1	1	1	1	1	1	1	1	1	1
ACL1047_A01	ACL1047	2	2	2	1	1	1	1	2	1	1	1	1	1	1	1	1	2	2	2	1	1	2	1	1	1	2	2	1	1	1	2	1	1	1	1	1	1	1	1	1	1	1	1	2	1	1	1	1	1	1	1	1	1	1	1	1	1	1	1	1	1	1	1	1	1	1	1	1	1	1	1	1	1	1	1	1	1	1	1	1	1	1	1	1	1	1	1
ACL1047_C01	ACL1047	2	2	1	1	1	1	1	2	1	2	1	1	1	1	1	1	2	2	1	1	2	2	1	1	1	1	1	1	1	1	2	1	1	1	1	1	1	2	1	1	1	1	1	1	1	1	1	2	1	1	1	1	2	1	1	1	1	1	1	1	1	1	1	1	1	1	1	2	1	1	1	2	1	1	1	1	1	1	1	1	1	1	1	1	1	1	1
ACL1051_G07	ACL1051	2	2	1	1	2	1	1	2	1	2	1	1	1	1	1	1	2	2	1	1	2	2	1	1	1	2	1	1	1	1	2	1	1	1	1	1	1	1	1	1	1	1	1	1	1	1	1	2	1	1	1	1	2	1	1	1	1	1	1	1	1	1	1	1	1	1	1	2	1	1	1	2	1	1	1	1	1	1	1	1	1	1	1	1	1	1	1
ACL1051_H03	ACL1051	2	2	1	1	2	1	1	2	1	2	1	1	1	2	1	1	2	2	1	2	2	2	1	1	1	1	1	1	1	1	2	1	1	1	1	1	1	2	1	1	2	1	1	2	1	1	1	2	1	1	1	1	2	1	1	1	1	1	1	1	1	1	1	1	1	1	1	2	1	1	1	2	1	1	1	1	1	1	1	1	1	1	1	1	1	1	1
ACL1055_A10	ACL1055	2	2	1	1	2	2	1	1	1	2	1	1	1	1	1	2	2	2	2	1	1	2	1	1	2	1	1	1	2	1	2	1	1	1	1	1	1	1	2	2	2	1	1	2	1	1	1	1	1	1	1	1	1	1	1	1	1	1	1	1	1	1	1	1	1	1	1	1	1	1	1	2	1	1	1	1	1	1	1	1	1	1	1	1	1	1	1
ACL1055Ext8_H07	ACL1055	2	2	1	1	1	1	1	1	1	2	1	1	1	1	1	1	2	2	1	1	1	2	1	1	1	1	1	1	2	1	2	1	1	1	1	1	1	1	2	1	2	1	1	1	1	1	1	1	1	1	1	1	1	1	1	1	1	1	1	1	1	1	1	1	1	1	1	1	1	1	1	2	1	1	1	1	1	1	1	1	1	1	1	1	1	1	1
ACL1058_A03 	ACL1058	2	1	1	1	2	2	1	2	1	2	1	1	1	2	1	2	1	2	1	1	1	2	1	1	1	1	1	1	1	1	2	1	1	1	1	1	1	1	1	1	1	1	1	2	1	1	1	2	1	1	1	1	1	1	1	1	1	1	1	1	1	1	1	1	1	1	1	1	1	1	1	1	1	1	1	1	1	1	1	1	1	1	1	1	1	1	1
ACL1058_H03	ACL1058	2	2	1	2	1	2	1	2	1	2	1	1	1	1	1	2	2	2	1	1	1	2	1	1	1	1	1	1	1	1	2	1	1	1	1	1	1	1	1	1	1	1	1	1	1	1	1	1	1	1	1	1	1	1	1	1	1	1	1	1	1	1	1	1	1	1	1	1	1	1	1	1	1	1	1	1	1	1	1	1	1	1	1	1	1	1	1
ACL1071_B11	ACL1071	2	2	1	2	1	1	1	2	1	2	1	1	1	1	1	1	2	2	2	1	1	1	1	1	2	2	1	1	1	2	2	2	1	1	1	1	1	2	1	1	1	1	1	1	1	1	1	1	1	1	1	1	2	1	1	1	1	1	1	1	1	1	1	1	1	1	1	2	1	1	1	1	1	1	1	1	1	1	1	1	1	1	1	1	1	1	1
ACL1071_G07	ACL1071	2	2	1	2	1	1	1	2	1	2	2	1	1	1	2	1	2	2	2	1	1	1	1	1	2	1	1	1	1	1	2	2	1	1	1	1	1	2	1	1	1	1	1	1	1	1	1	2	1	1	1	1	2	1	1	1	1	1	1	1	1	1	1	1	1	1	1	2	1	1	1	1	1	1	1	1	1	1	1	1	1	1	1	1	1	1	1
ACL1077_B03	ACL1077	2	2	1	1	1	1	1	2	1	1	1	1	1	1	1	1	1	2	2	1	1	1	1	1	2	1	1	1	1	1	2	1	1	1	1	1	1	1	1	1	1	1	1	1	1	1	1	1	1	1	1	1	2	1	1	1	1	1	1	2	1	1	1	1	1	1	1	1	1	1	1	1	1	1	1	1	1	1	1	1	1	1	1	1	1	1	1
ACL1077Ext8_F09	ACL1077	2	2	1	2	2	1	1	2	1	1	1	1	1	1	1	1	1	2	2	1	1	1	1	1	2	1	1	1	1	1	2	1	1	1	1	1	1	1	1	1	1	1	1	1	1	1	1	1	1	1	1	1	2	1	1	1	1	1	1	2	1	1	1	1	1	1	1	1	1	1	1	1	1	1	1	1	1	1	1	1	1	1	1	1	1	1	1
ACL1084_F11	ACL1084	2	2	1	1	1	1	2	1	1	1	1	1	1	1	2	1	1	1	1	1	2	1	1	2	1	1	1	1	1	1	1	1	1	2	1	1	1	1	1	2	1	1	1	1	2	1	1	1	1	1	1	1	1	1	1	1	1	1	1	1	1	1	1	1	1	1	2	1	1	1	1	1	1	1	1	1	1	1	1	1	1	1	1	1	1	1	1
ACL1084_H01	ACL1084	2	2	1	1	1	2	2	1	1	1	1	1	1	1	2	1	1	1	2	1	2	1	1	2	1	1	1	1	1	1	1	1	1	2	1	1	1	1	1	2	1	1	1	1	2	1	1	1	1	1	1	1	1	1	1	1	1	1	1	1	1	1	1	1	1	1	2	1	1	1	1	2	1	1	1	1	1	1	1	1	1	1	1	1	1	1	1
ACL1092_A07	ACL1092	2	2	1	2	1	2	2	2	1	1	1	1	1	1	1	1	2	2	2	2	1	1	1	1	2	1	1	2	2	1	2	2	1	1	2	1	2	2	1	1	1	2	1	2	1	1	1	1	1	1	1	1	2	1	1	1	1	1	1	1	1	1	1	1	1	1	1	1	1	1	1	2	1	1	1	1	1	1	1	1	1	1	1	1	1	1	1
ACL1092_C03 	ACL1092	2	2	1	1	1	1	1	2	1	1	1	1	1	1	1	1	1	2	2	1	1	1	1	1	2	1	1	1	2	1	2	1	1	1	1	1	1	2	1	1	1	1	1	1	1	1	1	1	1	1	1	1	2	1	1	1	1	1	1	1	1	1	1	1	1	1	1	1	1	1	1	1	1	1	1	1	1	1	1	1	1	1	1	1	1	1	1
ACL1112_B09 	ACL1112	2	2	1	2	1	1	1	2	1	2	1	1	1	1	1	1	2	2	2	1	1	1	1	1	2	1	1	1	1	1	2	2	1	1	1	1	1	2	1	1	1	1	1	1	1	1	1	1	1	2	1	1	1	1	1	1	1	1	1	1	1	1	1	1	1	1	1	2	1	1	1	1	1	1	1	1	1	1	1	1	1	1	1	1	1	1	1
ACL1112_D12	ACL1112	2	2	1	2	1	1	1	2	1	1	1	1	1	1	1	1	2	2	2	1	1	1	1	1	2	1	1	1	1	1	2	2	1	1	1	1	1	2	1	1	1	1	1	1	1	1	1	1	1	2	1	1	1	1	1	1	1	1	1	1	1	1	1	1	1	1	1	2	1	1	1	1	1	1	1	1	1	1	1	1	1	1	1	1	1	1	1
ACL1116Ext8_G09	ACL1116	2	2	1	2	1	1	1	2	1	1	1	1	1	1	1	1	1	2	2	1	1	1	1	1	2	1	1	1	1	1	2	2	1	1	1	1	1	2	1	1	1	1	1	1	1	1	1	1	1	2	1	1	1	1	1	1	1	1	1	1	1	1	1	1	1	1	1	2	1	1	1	1	1	1	1	1	1	1	1	1	1	1	1	1	1	1	1
ACL1116_H05	ACL1116	1	2	2	2	1	1	1	2	1	1	1	2	2	1	1	2	1	2	2	1	1	1	1	1	2	1	2	1	1	1	2	2	1	1	1	1	1	1	2	1	2	1	1	1	1	1	1	1	1	2	1	1	1	1	1	1	1	1	1	1	1	1	1	1	1	1	1	2	1	1	1	1	1	1	1	1	1	1	1	1	1	1	1	1	1	1	1
ACL1118_A11	ACL1118	2	2	2	1	1	1	1	2	1	1	1	1	1	2	1	1	2	2	2	1	1	1	2	1	2	1	1	1	1	1	2	2	1	1	1	1	1	2	1	1	1	1	1	1	1	1	1	2	1	2	1	1	1	1	1	1	1	1	1	1	1	1	1	1	1	1	1	2	1	1	1	2	1	1	1	1	1	2	1	1	1	1	1	1	1	1	1
ACL1118_C10 	ACL1118	2	2	1	1	2	1	1	2	1	1	1	1	1	1	1	1	2	2	2	1	1	1	2	1	2	1	1	1	1	1	2	2	1	1	1	1	1	2	2	1	1	1	1	1	1	1	1	1	1	2	1	1	1	1	1	1	1	1	1	1	1	1	1	1	1	1	1	2	1	1	1	2	1	1	1	1	1	1	1	1	1	1	1	1	1	1	1
ACL1122_E12	ACL1122	2	2	1	1	1	1	1	2	2	1	1	1	1	1	1	1	1	2	2	1	1	1	1	1	2	1	1	1	1	1	2	2	1	1	1	1	1	2	1	1	1	1	1	1	1	1	1	1	1	2	1	1	1	1	1	1	1	1	1	1	1	1	1	1	1	1	1	2	1	1	1	1	1	1	1	1	1	1	1	1	1	1	1	1	1	1	1
ACL1122_H09 	ACL1122	1	2	1	1	1	1	1	2	1	1	1	1	1	1	2	1	2	2	2	1	2	1	1	1	2	1	1	1	1	1	2	2	1	1	1	1	1	1	1	1	1	1	1	1	1	1	1	2	1	1	1	1	1	1	1	1	1	1	1	1	1	1	1	1	1	1	1	2	1	1	1	1	1	1	1	1	1	1	1	1	1	1	1	1	1	1	1
ACL1124_C03	ACL1124	2	2	2	1	2	1	1	2	1	2	1	1	1	1	2	1	1	2	2	2	2	1	1	1	2	2	2	1	1	1	2	2	1	1	2	1	1	2	1	1	1	1	1	2	1	1	1	1	1	1	1	1	2	1	1	1	1	1	1	1	1	1	1	1	1	1	1	1	1	1	1	1	1	1	1	1	1	1	1	1	1	2	1	1	1	1	1
ACL1124_E03	ACL1124	2	2	2	1	1	1	1	2	1	2	1	1	1	1	2	1	2	2	2	2	2	1	1	1	2	2	2	1	1	1	2	2	1	1	1	1	1	2	1	1	1	1	1	1	1	1	1	1	1	1	1	1	2	1	1	1	1	1	1	1	1	1	1	1	1	1	1	1	1	1	1	1	1	1	1	1	1	1	1	1	1	2	1	1	1	1	1
ACL1135_A02	ACL1135	2	2	1	2	1	1	1	2	1	2	1	1	2	1	1	1	2	2	2	1	1	1	1	1	2	2	1	1	1	1	2	2	1	1	1	1	1	2	1	1	1	2	1	2	1	1	1	1	1	1	1	1	1	1	1	1	1	1	1	1	1	1	1	1	1	1	1	2	1	1	1	1	1	1	1	1	1	1	1	1	1	1	1	1	1	1	1
ACL1135_C03	ACL1135	2	2	1	2	1	1	1	2	1	2	1	1	2	1	1	1	2	2	2	1	1	1	1	1	2	1	1	1	1	1	2	2	1	1	1	1	1	2	1	1	1	1	1	2	1	1	1	1	1	1	1	1	1	1	1	1	1	1	1	1	1	1	1	1	1	1	1	1	1	1	1	1	1	1	1	1	1	1	1	1	1	1	1	1	1	1	1
ACL1137_D11 	ACL1137	2	2	2	1	1	1	1	2	1	1	1	1	1	1	1	1	2	2	2	1	1	1	1	1	1	2	1	1	1	1	2	1	1	1	1	1	1	2	1	1	1	1	1	1	1	1	1	1	2	1	1	1	2	1	1	1	1	1	1	1	1	1	1	1	1	1	1	2	1	1	1	1	1	1	1	1	1	1	1	1	1	1	1	1	1	1	1
ACL1137_G01	ACL1137	2	2	2	1	1	1	1	2	2	1	2	1	1	1	1	1	2	2	2	1	1	1	1	1	2	1	1	1	1	1	2	1	1	1	2	1	1	2	1	1	1	1	1	1	1	1	1	1	2	1	1	1	2	1	1	1	1	1	1	1	1	1	1	1	1	1	1	2	1	1	1	1	1	1	1	1	1	1	1	1	1	1	1	1	1	1	1
ACL1156_G12	ACL1156	2	2	1	2	2	2	1	2	1	2	1	1	1	1	1	2	1	2	2	1	1	2	1	1	2	2	2	1	1	1	2	1	1	1	1	1	1	2	2	1	1	2	1	1	1	1	2	2	1	1	1	1	2	1	1	1	1	1	1	1	1	1	1	1	1	1	1	1	1	1	1	1	1	1	1	1	1	1	1	1	1	1	1	1	1	1	1
ACL1156Ext5_C06	ACL1156	1	2	1	1	2	1	1	2	1	2	1	1	1	1	2	1	2	2	1	1	2	1	1	1	2	2	1	1	1	1	2	1	1	1	1	1	1	2	2	1	1	1	1	1	1	1	1	1	1	1	1	1	2	1	1	1	1	1	1	1	1	1	1	1	1	1	1	1	1	1	1	1	1	1	1	1	1	1	1	1	1	1	1	1	1	1	1
ACL1170_A12	ACL1170	2	2	1	2	1	1	1	2	1	2	1	1	1	1	1	1	2	2	2	1	1	1	1	1	2	2	1	1	1	1	2	1	1	1	1	1	1	1	2	1	1	1	1	1	1	1	1	1	1	1	1	1	1	1	1	1	1	1	1	1	1	1	1	1	1	1	1	1	1	1	1	1	1	1	1	1	1	1	1	1	1	1	1	1	1	1	1
ACL1170_G04	ACL1170	2	2	1	2	1	1	1	2	1	1	1	1	1	1	1	1	2	2	2	1	1	1	1	1	2	1	1	1	1	1	2	1	1	1	1	1	1	2	1	1	1	1	1	1	1	1	1	1	1	1	1	1	1	1	1	1	1	1	1	1	1	1	1	1	1	1	1	1	1	1	1	1	1	1	1	1	1	1	1	1	1	1	1	1	1	1	1
ACL1194_C08	ACL1194	2	2	1	1	1	2	1	2	1	1	1	1	1	1	2	1	2	2	2	1	1	1	1	1	2	1	1	1	1	1	2	2	1	1	1	1	1	1	1	1	1	1	1	1	1	1	1	2	1	1	1	1	2	1	1	1	1	1	1	2	1	1	1	1	1	1	1	2	1	1	1	1	1	1	1	1	1	1	1	1	1	1	1	1	1	1	1
ACL1194_E10 	ACL1194	2	2	1	1	2	2	2	2	1	1	1	1	1	1	1	1	2	2	2	1	1	1	1	1	2	2	1	1	1	1	2	2	1	1	1	1	1	1	1	1	1	1	1	2	1	1	1	2	1	1	1	1	2	1	1	1	1	1	1	2	1	1	1	1	1	1	1	1	1	1	1	1	1	1	1	1	1	1	1	1	1	1	1	1	1	1	1
ACL1205_B07 	ACL1205	2	1	2	2	2	1	1	2	1	1	1	1	1	1	1	1	1	1	1	1	1	1	1	1	1	1	1	1	1	1	2	1	2	1	1	1	1	1	1	1	1	1	1	1	1	1	1	1	1	1	1	1	1	1	1	1	1	1	1	1	1	1	1	1	1	1	1	1	1	1	1	1	1	1	1	1	1	1	1	1	1	1	1	1	1	1	1
ACL1205Ext8_F03	ACL1205	2	1	2	2	2	2	2	2	1	2	1	1	2	1	2	1	2	1	2	1	1	1	1	1	1	2	1	1	1	1	1	1	1	1	1	2	1	1	1	1	1	1	1	1	1	1	1	1	1	1	1	1	1	1	1	1	1	1	1	1	1	1	1	1	1	1	1	1	1	1	1	1	1	1	1	1	1	1	1	1	1	1	1	1	1	1	1
ACL1210_B03 	ACL1210	2	1	2	1	2	1	1	2	1	2	2	2	1	2	2	2	1	2	2	1	1	1	1	1	1	2	1	1	1	2	2	1	1	2	1	1	1	2	1	1	1	1	1	2	1	1	1	1	1	1	1	1	1	1	1	1	1	1	1	1	1	1	1	1	1	1	1	1	1	1	1	1	1	1	1	1	1	1	1	1	1	1	1	1	1	1	1
ACL1210_E09 	ACL1210	2	1	2	1	1	1	1	1	1	1	1	1	1	1	2	1	2	2	1	1	1	1	2	1	1	1	1	1	1	1	1	1	1	2	1	1	1	1	1	1	1	1	1	1	1	1	1	1	1	1	1	1	2	1	1	1	1	1	1	1	1	1	1	1	1	1	2	1	1	1	1	1	1	1	1	1	1	1	1	1	1	1	1	1	1	1	1
ACL1215Ext8_E11	ACL1215	2	2	1	1	1	2	1	2	1	2	1	1	1	1	1	2	2	2	1	1	1	1	1	1	1	1	1	1	1	1	2	1	1	2	1	1	1	1	1	1	1	1	1	1	1	1	1	1	1	2	1	1	1	1	1	1	1	1	1	1	1	1	1	1	1	1	1	1	1	1	1	2	1	1	1	1	1	1	1	1	1	1	1	1	1	1	1
ACL1215_H04	ACL1215	2	2	2	1	2	2	1	2	1	2	1	1	1	1	2	1	2	2	1	1	1	1	1	1	1	2	1	1	1	1	2	1	1	2	1	1	1	1	1	1	2	1	1	2	1	1	1	1	1	2	1	1	1	1	1	1	1	1	1	1	1	1	1	1	1	1	1	2	1	1	1	2	1	1	1	1	1	1	1	1	1	1	1	1	1	1	1
ACL4239_F04	ACL4239	2	2	1	1	1	1	2	2	1	1	1	1	1	1	2	1	2	2	2	2	1	1	1	1	2	1	1	1	1	1	2	2	1	1	1	1	1	2	1	1	2	1	1	1	1	1	1	1	1	1	1	1	2	1	1	1	1	1	1	1	1	1	1	1	1	1	1	2	1	1	1	1	1	1	1	1	1	1	1	1	1	1	1	1	1	1	1
ACL4239_A08	ACL4239	2	2	1	1	1	1	1	2	1	1	1	1	1	1	2	1	2	2	2	2	1	1	1	1	2	1	1	1	1	1	2	1	1	1	1	1	1	2	1	1	1	1	1	2	1	1	1	1	1	1	1	1	2	1	1	1	1	1	1	1	1	1	1	1	1	1	1	2	1	1	1	1	1	1	1	1	1	1	1	1	1	1	1	1	1	1	1
ACL4277_E06	ACL4277	2	2	2	2	1	1	1	2	1	1	1	1	1	1	2	1	2	2	2	1	1	1	2	1	2	1	1	1	1	1	2	1	1	1	2	1	1	2	1	1	1	1	1	1	1	1	1	2	1	1	1	1	2	1	1	1	1	1	1	2	1	1	1	1	1	1	1	2	1	1	1	1	1	1	1	1	1	1	1	1	1	1	1	1	1	1	1
ACL4277_F02	ACL4277	2	2	2	2	1	1	1	2	1	1	1	1	1	1	2	1	2	2	2	1	1	1	2	1	2	1	1	1	1	1	2	1	1	1	2	1	1	2	1	1	1	1	1	2	1	1	1	1	1	1	1	1	2	1	1	1	1	1	1	2	1	1	1	1	1	1	1	2	1	1	1	1	1	1	1	1	1	1	1	1	1	1	1	1	1	1	1
ACL4422_C07 	ACL4422	2	2	1	1	2	2	1	2	1	2	1	1	2	1	2	2	2	2	2	2	2	2	2	1	1	1	1	1	1	1	2	1	1	1	1	1	1	1	1	1	1	1	1	1	1	1	1	1	1	1	1	1	2	1	1	1	1	1	1	1	1	1	1	1	1	1	1	2	1	1	1	2	1	1	1	1	1	2	1	1	1	1	2	1	1	1	1
ACL4422Ext8_F05	ACL4422	2	2	1	1	2	2	1	2	1	2	1	1	1	1	1	1	2	2	1	1	2	2	2	1	1	1	1	1	1	1	2	2	1	1	1	1	1	1	1	1	1	1	1	1	1	1	1	1	1	1	1	1	1	1	1	1	1	1	1	1	1	1	1	1	1	1	1	2	1	1	1	2	1	1	1	1	1	1	1	1	1	1	2	1	1	1	1
ACL4448_F01	ACL4448	2	2	1	2	2	1	1	2	1	1	1	1	2	2	2	1	2	2	2	1	1	1	1	1	2	1	1	1	1	1	2	1	1	1	1	1	1	2	1	1	1	1	1	1	1	1	1	1	1	1	1	1	2	1	1	1	1	1	1	1	1	1	1	1	1	1	1	1	1	1	1	1	1	1	1	1	1	1	1	1	1	1	1	1	1	1	1
ACL4448Ext8_B05	ACL4448	2	2	1	2	1	1	1	2	1	1	1	1	2	1	1	1	1	2	2	1	2	1	1	1	2	2	1	1	1	1	2	1	1	1	2	1	1	2	1	1	1	2	1	1	1	1	1	1	1	1	1	1	2	1	1	1	1	1	1	1	1	1	1	1	1	1	1	2	1	1	1	1	1	1	1	1	1	1	1	1	1	1	1	1	1	1	1
END																																																																																								
